31    69.2
61    67.6
91    66.3
121    65.2
151    64.7
181    64.0
211    63.2
241    62.5
271    61.7
301    61.5
331    60.1
361    59.3
391    59.8
421    58.2
451    57.9
481    56.9
511    57.0
541    56.7
571    55.7
601    55.4
631    54.9
661    54.3
691    53.7
721    53.8
751    53.2
781    52.6
811    52.0
841    52.3
871    51.7
901    51.1
931    50.8
961    50.8
991    49.8
1021    49.5
1051    49.9
1081    49.7
1111    48.7
1141    48.5
1171    48.6
1201    47.8