31    79.5
61    78.1
91    76.4
121    75.0
151    73.7
181    72.3
211    71.3
241    70.5
271    70.2
301    69.7
331    68.2
361    67.3
391    67.1
421    65.8
451    64.3
481    63.5
511    62.8
541    62.0
571    61.6
601    61.4
631    60.4
661    60.0
691    59.5
721    59.1
751    58.4
781    57.8
811    57.2
841    56.8
871    56.4
901    55.9
931    55.6
961    55.3
991    54.2
1021    54.3
1051    53.3
1081    52.8
1111    52.3
1141    52.2
1171    52.3
1201    51.7
1231    51.3
1261    50.3