31    79.2
61    78.8
91    76.6
121    75.7
151    73.8
181    73.0
211    71.2
241    70.5
271    69.8
301    69.1
331    68.3
361    67.3
391    65.9
421    66.1
451    65.2
481    64.1
511    63.1
541    62.7
571    62.2
601    61.6
631    61.0
661    60.5
691    60.1
721    58.7
751    58.4
781    58.0
811    57.6
841    57.4
871    57.2
901    56.5
931    55.5
961    54.7
991    55.2
1021    54.2
1051    53.9
1081    53.7
1111    53.0
1141    52.6
1171    52.8
1201    52.5
