31    71.0
61    69.2
91    69.0
121    67.6
151    67.1
181    65.6
211    65.8
241    65.1
271    64.3
301    63.0
331    63.2
361    61.6
391    61.7
421    60.5
451    60.1
481    59.6
511    59.7
541    58.6
571    58.1
601    58.0
631    57.1
661    56.5
691    55.6
721    55.7
751    55.1
781    54.7
811    54.9
841    53.9
871    53.5
901    53.0
931    52.4
961    52.8
991    51.7
1021    51.3
1051    51.0
1081    50.3
1111    50.9
1141    50.4
1171    49.6
1201    49.5