1850,-0.540,-0.512,-0.717,-0.550,-0.260,-0.459,-0.190,-0.396,-0.568,-0.326,-0.163,-0.333,-0.401,
1851,-0.424,-0.243,-0.271,-0.467,-0.422,-0.356,-0.255,-0.198,-0.363,-0.234,-0.090,-0.163,-0.274,
1852,-0.705,-0.643,-0.552,-0.564,-0.331,-0.290,0.062,-0.513,-0.270,-0.317,-0.202,-0.159,-0.357,
1853,-0.552,-0.664,-0.341,-0.370,-0.416,-0.361,-0.147,-0.183,-0.439,-0.413,-0.186,-0.477,-0.363,
1854,-0.418,-0.398,-0.530,-0.493,-0.489,-0.317,-0.527,-0.531,-0.129,-0.412,-0.377,-0.621,-0.421,
1855,-0.366,-0.269,-0.436,-0.575,-0.540,-0.357,-0.484,-0.184,-0.341,-0.451,-0.201,-0.199,-0.349,
1856,-0.169,-0.381,-0.340,-0.344,-0.199,-0.459,-0.251,-0.231,-0.499,-0.415,-0.339,-0.409,-0.319,
1857,-0.440,-0.500,-0.467,-0.594,-0.523,-0.396,-0.675,-0.488,-0.387,-0.515,-0.629,-0.568,-0.499,
1858,-0.781,-0.613,-0.479,-0.740,-0.914,-0.689,-0.455,-0.171,-0.171,-0.452,-0.431,-0.414,-0.509,
1859,-0.375,-0.348,-0.447,-0.394,-0.468,-0.332,-0.390,-0.300,-0.609,-0.300,-0.257,0.008,-0.335,
1860,-0.155,-0.154,-0.385,-0.360,-0.408,-0.401,-0.305,-0.331,-0.252,-0.385,-0.288,-0.509,-0.311,
1861,-0.246,-0.497,-0.790,-0.371,-0.832,-0.433,-0.783,-0.346,-0.401,-0.571,-0.559,-0.342,-0.498,
1862,-0.508,-0.350,-0.215,-0.147,-0.097,-0.231,-0.350,-0.771,-0.533,-0.413,-0.472,-0.414,-0.360,
1863,-0.276,-0.124,-0.302,-0.204,-0.524,-0.474,-0.299,-0.350,-0.468,-0.211,-0.211,-0.425,-0.307,
1864,-0.714,-0.501,-0.433,-0.529,-0.344,-0.544,-0.424,-0.672,-0.509,-0.458,-0.140,-0.200,-0.441,
1865,-0.236,-0.227,-0.148,-0.112,-0.410,-0.494,-0.306,-0.145,-0.469,-0.304,-0.436,-0.291,-0.285,
1866,-0.227,-0.283,-0.546,-0.205,-0.271,-0.201,-0.025,-0.250,-0.400,-0.165,-0.217,-0.452,-0.258,
1867,-0.223,-0.450,-0.243,-0.097,-0.286,-0.352,-0.318,-0.416,-0.128,-0.210,-0.321,-0.473,-0.281,
1868,-0.488,-0.283,-0.074,-0.457,-0.367,-0.735,-0.428,-0.281,-0.204,-0.221,-0.252,-0.363,-0.335,
1869,-0.374,-0.158,-0.490,-0.252,-0.503,-0.562,-0.584,-0.417,-0.271,-0.344,-0.328,-0.401,-0.380,
1870,-0.216,-0.384,-0.363,-0.210,-0.444,-0.522,-0.135,-0.306,-0.390,-0.479,-0.275,-0.365,-0.332,
1871,-0.263,-0.125,-0.026,-0.273,-0.314,-0.291,-0.168,-0.377,-0.365,-0.516,-0.112,-0.306,-0.252,
1872,-0.302,-0.224,-0.383,-0.257,-0.202,-0.426,-0.265,-0.217,-0.345,-0.341,-0.023,-0.260,-0.262,
1873,-0.057,-0.108,-0.175,-0.317,-0.298,-0.407,-0.157,-0.280,-0.501,-0.476,-0.427,-0.540,-0.304,
1874,-0.337,-0.527,-0.380,-0.469,-0.490,-0.724,-0.168,-0.421,-0.414,-0.543,-0.375,-0.339,-0.428,
1875,-0.209,-0.135,-0.270,-0.241,-0.204,-0.351,-0.422,-0.250,-0.180,-0.347,-0.209,-0.389,-0.262,
1876,-0.261,-0.305,-0.321,-0.286,-0.408,-0.575,-0.484,-0.500,-0.714,-0.328,-0.439,-0.466,-0.423,
1877,-0.383,0.025,-0.104,-0.178,-0.507,-0.347,-0.309,-0.099,-0.071,0.134,-0.074,-0.077,-0.162,
1878,0.210,0.251,0.108,0.053,-0.209,-0.355,-0.181,-0.280,-0.244,-0.212,-0.308,-0.291,-0.120,
1879,-0.220,-0.224,-0.102,-0.167,-0.324,-0.295,-0.250,-0.086,-0.184,-0.230,-0.131,-0.253,-0.201,
1880,-0.234,-0.070,0.026,-0.176,-0.326,-0.467,-0.295,-0.167,-0.201,-0.278,-0.190,-0.146,-0.207,
1881,-0.154,-0.230,-0.053,-0.092,-0.105,-0.247,-0.166,-0.208,-0.312,-0.100,-0.102,-0.156,-0.161,
1882,-0.121,0.015,-0.050,-0.122,-0.274,-0.230,-0.086,-0.283,-0.146,-0.277,-0.153,-0.330,-0.170,
1883,-0.039,-0.072,-0.027,-0.373,-0.188,-0.177,-0.256,-0.305,-0.238,-0.312,-0.186,-0.431,-0.217,
1884,-0.337,-0.211,-0.399,-0.361,-0.411,-0.383,-0.408,-0.452,-0.214,-0.295,-0.308,-0.365,-0.343,
1885,-0.292,-0.265,-0.404,-0.472,-0.579,-0.519,-0.401,-0.703,-0.431,-0.429,-0.191,-0.270,-0.411,
1886,-0.473,-0.333,-0.368,-0.450,-0.168,-0.437,-0.413,-0.427,-0.499,-0.356,-0.341,-0.522,-0.399,
1887,-0.500,-0.509,-0.521,-0.444,-0.442,-0.553,-0.386,-0.425,-0.421,-0.515,-0.462,-0.575,-0.477,
1888,-0.580,-0.317,-0.427,-0.459,-0.393,-0.445,-0.484,-0.417,-0.288,-0.211,-0.170,-0.175,-0.363,
1889,-0.050,-0.063,-0.060,-0.143,-0.229,-0.303,-0.218,-0.303,-0.426,-0.368,-0.244,-0.239,-0.220,
1890,-0.327,-0.407,-0.539,-0.426,-0.437,-0.481,-0.473,-0.429,-0.542,-0.549,-0.467,-0.289,-0.446,
1891,-0.356,-0.367,-0.299,-0.296,-0.185,-0.391,-0.476,-0.441,-0.337,-0.359,-0.356,-0.367,-0.351,
1892,-0.372,-0.171,-0.281,-0.386,-0.311,-0.542,-0.610,-0.523,-0.391,-0.440,-0.304,-0.566,-0.407,
1893,-0.340,-0.238,-0.144,-0.557,-0.449,-0.578,-0.442,-0.312,-0.431,-0.350,-0.323,-0.289,-0.371,
1894,-0.244,-0.259,-0.383,-0.429,-0.481,-0.455,-0.400,-0.418,-0.503,-0.470,-0.374,-0.362,-0.397,
1895,-0.252,-0.343,-0.377,-0.464,-0.527,-0.391,-0.375,-0.245,-0.551,-0.553,-0.327,-0.374,-0.398,
1896,-0.178,-0.184,-0.203,-0.246,-0.330,-0.245,-0.220,-0.133,-0.292,-0.315,-0.060,-0.124,-0.211,
1897,-0.167,-0.073,-0.069,-0.163,-0.166,-0.259,-0.384,-0.286,-0.342,-0.450,-0.500,-0.500,-0.279,
1898,-0.322,-0.461,-0.541,-0.668,-0.572,-0.510,-0.581,-0.505,-0.566,-0.658,-0.530,-0.546,-0.537,
1899,-0.363,-0.333,-0.315,-0.441,-0.339,-0.341,-0.483,-0.240,-0.298,-0.416,-0.256,-0.452,-0.357,
1900,-0.234,-0.052,-0.372,-0.349,-0.412,-0.414,-0.298,-0.374,-0.371,-0.495,-0.397,-0.380,-0.345,
1901,-0.258,-0.338,-0.453,-0.415,-0.308,-0.407,-0.467,-0.428,-0.519,-0.478,-0.627,-0.501,-0.434,
1902,-0.435,-0.364,-0.402,-0.439,-0.444,-0.554,-0.406,-0.506,-0.500,-0.652,-0.616,-0.443,-0.480,
1903,-0.533,-0.424,-0.564,-0.584,-0.525,-0.656,-0.553,-0.665,-0.637,-0.767,-0.590,-0.588,-0.591,
1904,-0.576,-0.533,-0.575,-0.556,-0.591,-0.551,-0.581,-0.517,-0.513,-0.657,-0.564,-0.481,-0.559,
1905,-0.426,-0.505,-0.383,-0.490,-0.421,-0.491,-0.470,-0.410,-0.509,-0.443,-0.446,-0.295,-0.441,
1906,-0.166,-0.187,-0.314,-0.250,-0.550,-0.462,-0.468,-0.468,-0.480,-0.500,-0.414,-0.454,-0.393,
1907,-0.356,-0.423,-0.267,-0.350,-0.487,-0.562,-0.507,-0.397,-0.441,-0.479,-0.566,-0.634,-0.456,
1908,-0.565,-0.514,-0.501,-0.632,-0.529,-0.611,-0.564,-0.682,-0.627,-0.660,-0.615,-0.647,-0.596,
1909,-0.675,-0.573,-0.664,-0.581,-0.627,-0.648,-0.750,-0.474,-0.543,-0.673,-0.645,-0.676,-0.628,
1910,-0.571,-0.624,-0.549,-0.523,-0.601,-0.646,-0.594,-0.590,-0.665,-0.612,-0.710,-0.749,-0.619,
1911,-0.637,-0.784,-0.806,-0.806,-0.787,-0.792,-0.715,-0.727,-0.800,-0.638,-0.550,-0.347,-0.699,
1912,-0.325,-0.458,-0.304,-0.384,-0.549,-0.558,-0.479,-0.578,-0.546,-0.588,-0.501,-0.459,-0.477,
1913,-0.491,-0.337,-0.465,-0.431,-0.348,-0.423,-0.458,-0.461,-0.414,-0.473,-0.433,-0.532,-0.439,
1914,-0.326,-0.393,-0.381,-0.425,-0.429,-0.374,-0.441,-0.234,-0.331,-0.271,-0.029,-0.270,-0.326,
1915,-0.160,-0.229,0.001,-0.117,-0.172,-0.384,-0.395,-0.235,-0.388,-0.354,-0.309,-0.409,-0.264,
1916,-0.341,-0.205,-0.314,-0.354,-0.350,-0.525,-0.589,-0.407,-0.367,-0.415,-0.640,-0.403,-0.411,
1917,-0.748,-0.489,-0.713,-0.410,-0.478,-0.432,0.016,-0.085,-0.079,-0.311,-0.481,-0.359,-0.383,
1918,-0.396,-0.505,-0.346,-0.576,-0.213,-0.279,-0.213,-0.474,-0.192,-0.204,0.327,-0.182,-0.273,
1919,-0.033,0.214,-0.172,-0.157,-0.051,-0.333,-0.649,-0.399,-0.271,-0.388,-0.484,-0.376,-0.258,
1920,-0.296,-0.530,-0.063,-0.215,-0.210,-0.195,-0.467,-0.213,-0.025,-0.075,-0.059,-0.154,-0.209,
1921,-0.366,-0.225,-0.325,-0.444,-0.324,-0.233,-0.231,-0.339,-0.184,-0.154,-0.216,-0.260,-0.277,
1922,-0.406,-0.184,-0.336,-0.393,-0.643,-0.492,-0.227,-0.416,-0.357,-0.305,-0.403,-0.355,-0.378,
1923,-0.374,-0.316,-0.356,-0.184,-0.376,-0.295,-0.452,-0.427,-0.535,-0.499,-0.206,-0.116,-0.345,
1924,-0.297,-0.123,-0.290,-0.211,-0.324,-0.385,-0.435,-0.365,-0.497,-0.477,-0.547,-0.565,-0.375,
1925,-0.513,-0.390,-0.239,-0.436,-0.364,-0.310,-0.289,-0.275,-0.355,-0.383,-0.147,-0.191,-0.325,
1926,-0.207,-0.473,-0.155,-0.203,-0.215,-0.158,-0.414,-0.257,-0.320,-0.241,-0.339,-0.227,-0.269,
1927,-0.362,-0.231,-0.403,-0.280,-0.283,-0.381,-0.251,-0.282,-0.327,-0.343,-0.422,-0.421,-0.332,
1928,-0.246,-0.254,-0.395,-0.268,-0.398,-0.378,-0.276,-0.226,-0.427,-0.285,-0.276,-0.387,-0.318,
1929,-0.390,-0.463,-0.435,-0.356,-0.488,-0.396,-0.502,-0.363,-0.471,-0.443,-0.201,-0.431,-0.413,
1930,-0.476,-0.586,-0.292,-0.350,-0.201,-0.314,-0.308,-0.288,-0.291,-0.216,-0.166,-0.237,-0.314,
1931,-0.133,-0.144,-0.184,-0.218,-0.306,-0.284,-0.155,-0.319,-0.235,-0.319,-0.256,-0.257,-0.237,
1932,-0.207,-0.098,-0.061,-0.162,-0.238,-0.317,-0.215,-0.440,-0.193,-0.418,-0.296,-0.235,-0.243,
1933,-0.291,-0.275,-0.412,-0.358,-0.295,-0.380,-0.390,-0.310,-0.340,-0.348,-0.364,-0.472,-0.355,
1934,-0.332,-0.465,-0.435,-0.203,-0.301,-0.131,-0.201,-0.179,-0.132,-0.169,-0.076,-0.280,-0.244,
1935,-0.157,-0.306,-0.414,-0.185,-0.285,-0.231,-0.273,-0.340,-0.167,-0.289,-0.282,-0.376,-0.277,
1936,-0.357,-0.194,-0.410,-0.325,-0.326,-0.384,-0.314,-0.271,-0.336,-0.035,-0.195,-0.199,-0.281,
1937,-0.106,-0.062,-0.203,-0.141,-0.244,-0.213,-0.064,-0.132,-0.103,-0.105,-0.219,-0.135,-0.145,
1938,-0.139,-0.140,-0.136,-0.130,-0.270,-0.054,-0.161,-0.102,-0.128,0.012,-0.133,-0.297,-0.141,
1939,-0.160,-0.121,-0.161,-0.020,-0.143,0.105,0.054,-0.020,-0.143,-0.418,-0.252,-0.040,-0.109,
1940,0.152,0.058,-0.127,0.227,0.171,-0.137,0.120,0.063,0.112,-0.079,-0.235,0.093,0.035,
1941,-0.014,-0.154,-0.063,0.031,-0.081,0.073,0.042,-0.047,-0.171,0.149,0.088,0.311,0.016,
1942,0.199,-0.076,0.064,-0.075,0.076,-0.020,-0.062,-0.156,-0.157,-0.282,-0.348,-0.043,-0.075,
1943,-0.090,-0.150,-0.241,-0.221,-0.125,0.044,0.115,0.160,-0.120,-0.021,0.128,0.081,-0.038,
1944,-0.091,-0.087,0.231,0.232,0.184,0.345,0.369,0.265,0.115,-0.091,-0.082,0.031,0.116,
1945,-0.057,0.100,0.058,0.097,-0.120,0.064,0.058,0.371,0.131,0.237,0.022,-0.013,0.077,
1946,0.073,-0.123,0.127,0.053,-0.282,-0.396,-0.122,-0.329,-0.124,0.056,-0.343,-0.308,-0.142,
1947,-0.089,-0.233,-0.205,0.071,-0.102,-0.073,0.124,-0.108,-0.219,-0.241,-0.060,-0.233,-0.113,
1948,-0.272,-0.200,0.030,-0.112,0.047,-0.126,-0.241,-0.112,-0.220,-0.080,-0.109,-0.280,-0.136,
1949,-0.047,-0.112,-0.067,0.044,-0.054,-0.142,-0.031,-0.105,0.026,-0.179,-0.158,-0.136,-0.078,
1950,-0.221,-0.247,-0.240,-0.140,-0.038,-0.031,0.166,0.038,-0.090,-0.094,-0.319,-0.393,-0.133,
1951,-0.348,-0.289,-0.403,-0.158,-0.206,0.101,-0.013,0.017,-0.217,-0.063,-0.247,-0.184,-0.166,
1952,0.038,0.177,-0.001,0.070,0.013,0.034,0.061,0.038,0.032,0.003,0.111,-0.016,0.048,
1953,-0.052,0.087,0.005,0.158,0.201,0.175,0.065,-0.100,-0.033,-0.040,-0.102,-0.046,0.030,
1954,-0.211,-0.051,-0.060,-0.247,-0.204,-0.213,-0.290,-0.188,-0.221,-0.186,-0.155,-0.310,-0.191,
1955,-0.122,-0.250,-0.184,-0.221,-0.391,-0.317,-0.291,-0.273,-0.249,-0.377,-0.383,-0.385,-0.284,
1956,-0.293,-0.226,-0.267,-0.281,-0.199,-0.189,-0.190,-0.163,-0.146,-0.175,-0.091,-0.124,-0.195,
1957,-0.127,-0.060,-0.019,-0.033,0.174,0.090,0.097,0.018,-0.098,-0.109,-0.091,-0.132,-0.023,
1958,-0.020,0.022,-0.057,-0.092,-0.037,-0.102,-0.037,-0.006,-0.063,-0.066,-0.104,-0.026,-0.050,
1959,-0.053,-0.083,-0.048,-0.056,0.008,-0.068,-0.087,0.038,-0.048,0.001,-0.117,-0.138,-0.056,
1960,-0.130,-0.126,-0.108,-0.174,-0.068,-0.184,-0.104,-0.071,0.005,-0.118,-0.113,-0.030,-0.101,
1961,-0.035,0.106,0.053,0.045,0.058,0.144,-0.023,-0.008,-0.116,-0.072,-0.040,-0.126,0.000,
1962,-0.086,-0.040,-0.028,-0.046,-0.021,-0.019,0.022,-0.045,-0.077,0.017,-0.069,-0.123,-0.042,
1963,-0.146,-0.147,-0.109,-0.060,0.066,-0.018,-0.000,-0.003,-0.028,-0.093,-0.107,-0.117,-0.063,
1964,-0.256,-0.192,-0.219,-0.266,-0.280,-0.175,-0.265,-0.298,-0.307,-0.174,-0.377,-0.402,-0.268,
1965,-0.188,-0.168,-0.253,-0.167,-0.202,-0.182,-0.201,-0.156,-0.115,-0.202,-0.255,-0.190,-0.187,
1966,-0.194,-0.199,-0.203,-0.084,-0.206,-0.103,-0.044,-0.142,-0.150,-0.263,-0.221,-0.082,-0.156,
1967,-0.189,-0.194,-0.101,-0.247,-0.085,-0.122,-0.155,-0.218,-0.211,-0.276,-0.188,-0.317,-0.190,
1968,-0.252,-0.321,-0.262,-0.251,-0.318,-0.176,-0.210,-0.062,-0.084,-0.054,-0.051,0.082,-0.162,
1969,0.072,0.116,0.172,0.161,0.202,0.118,-0.044,0.091,0.034,0.080,0.062,0.111,0.098,
1970,0.144,0.026,0.010,0.019,-0.027,-0.104,-0.069,-0.109,-0.092,-0.012,0.023,-0.059,-0.021,
1971,-0.130,-0.190,-0.195,-0.150,-0.132,-0.164,-0.089,-0.161,-0.080,-0.112,-0.075,-0.281,-0.147,
1972,0.016,0.052,0.036,-0.015,0.012,0.032,0.018,0.106,0.090,0.085,0.221,0.357,0.085,
1973,0.206,0.160,0.200,0.146,0.080,0.100,0.096,0.112,0.076,0.058,-0.005,-0.056,0.097,
1974,-0.193,-0.252,-0.218,-0.100,-0.054,-0.039,-0.106,-0.010,0.050,-0.068,-0.036,-0.107,-0.094,
1975,-0.219,-0.136,-0.096,-0.101,-0.070,-0.002,-0.072,-0.102,-0.127,-0.094,-0.236,-0.287,-0.129,
1976,-0.298,-0.247,-0.229,-0.188,-0.254,-0.184,-0.037,-0.108,-0.098,-0.052,0.061,0.158,-0.123,
1977,0.255,0.188,0.101,0.068,0.097,0.050,0.058,-0.055,-0.026,-0.003,-0.002,-0.116,0.051,
1978,-0.027,-0.063,-0.017,-0.108,-0.015,-0.051,-0.043,-0.113,0.009,-0.157,0.005,-0.021,-0.050,
1979,0.024,0.021,0.065,0.124,0.019,0.075,0.123,0.114,0.088,0.118,0.213,0.213,0.099,
1980,0.168,0.233,0.287,0.161,0.069,0.048,0.049,-0.011,-0.011,-0.012,0.090,0.035,0.091,
1981,0.047,-0.037,0.027,-0.028,0.035,0.123,0.110,0.066,0.083,-0.055,-0.015,0.115,0.039,
1982,0.053,-0.079,-0.082,-0.037,0.018,-0.079,-0.022,0.010,0.116,0.096,0.055,0.146,0.016,
1983,0.269,0.265,0.180,0.211,0.170,0.215,0.132,0.182,0.116,0.125,0.149,0.124,0.178,
1984,0.143,0.143,0.058,0.058,0.007,0.076,-0.061,0.094,0.202,0.030,0.078,0.103,0.077,
1985,0.131,0.163,0.135,0.064,0.093,-0.013,0.103,0.086,0.038,0.119,-0.072,0.076,0.076,
1986,-0.001,0.084,0.075,-0.004,-0.049,-0.014,0.060,0.009,0.063,0.156,0.072,0.027,0.039,
1987,0.106,0.141,0.157,0.127,0.134,0.089,0.256,0.239,0.247,0.196,0.255,0.177,0.177,
1988,0.253,0.280,0.210,0.174,0.217,0.154,0.089,0.129,0.129,0.086,0.042,-0.012,0.145,
1989,0.097,0.068,0.099,0.034,0.034,0.002,0.117,0.187,0.123,0.082,0.111,0.126,0.090,
1990,0.122,0.228,0.157,0.221,0.172,0.182,0.161,0.138,0.049,0.163,0.077,0.092,0.146,
1991,0.091,0.092,0.186,0.230,0.288,0.064,0.188,0.197,0.191,0.097,0.065,0.082,0.148,
1992,0.162,0.137,0.150,0.172,0.188,0.156,0.126,0.130,0.110,0.029,0.030,0.018,0.118,
1993,0.218,0.093,0.182,0.058,0.129,0.163,0.092,0.136,0.221,0.129,0.175,0.020,0.135,
1994,0.080,0.008,0.147,0.032,0.198,0.122,0.131,0.075,-0.003,0.076,0.138,0.111,0.092,
1995,0.147,0.206,0.212,0.117,0.157,0.116,0.248,0.141,0.081,0.118,0.154,-0.007,0.140,
1996,0.111,0.277,0.289,0.262,0.160,0.037,0.157,0.128,0.071,0.121,0.156,0.217,0.164,
1997,0.104,0.137,0.240,0.143,0.186,0.268,0.270,0.326,0.380,0.423,0.462,0.456,0.281,
1998,0.350,0.416,0.491,0.488,0.498,0.458,0.507,0.412,0.243,0.256,0.313,0.302,0.394,
1999,0.160,0.260,0.336,0.305,0.186,0.227,0.221,0.133,0.232,0.094,0.231,0.189,0.213,
2000,0.226,0.235,0.188,0.258,0.110,0.189,0.173,0.201,0.238,0.215,0.266,0.183,0.204,
2001,0.253,0.308,0.436,0.388,0.234,0.357,0.323,0.340,0.349,0.299,0.380,0.271,0.327,
2002,0.444,0.375,0.527,0.373,0.361,0.350,0.316,0.355,0.266,0.337,0.216,0.319,0.350,
2003,0.341,0.426,0.429,0.365,0.310,0.325,0.338,0.329,0.272,0.304,0.264,0.219,0.323,
2004,0.284,0.332,0.270,0.290,0.256,0.165,0.211,0.235,0.240,0.214,0.222,0.217,0.243,
2005,0.306,0.296,0.401,0.347,0.269,0.267,0.294,0.363,0.265,0.309,0.256,0.287,0.303,
2006,0.331,0.407,0.352,0.341,0.343,0.258,0.287,0.310,0.218,0.172,0.213,0.285,0.290,
2007,0.318,0.330,0.253,0.242,0.241,0.286,0.297,0.174,0.208,0.171,0.124,0.055,0.224,
2008,0.087,0.135,0.171,0.175,0.205,0.156,0.217,0.275,0.235,0.214,0.174,0.258,0.190,
2009,0.334,0.282,0.302,0.380,0.389,0.413,0.380,0.381,0.288,0.319,0.396,0.483,0.361,
2010,0.446,0.443,0.469,0.475,0.413,0.347,0.369,0.323,0.249,0.281,0.245,0.296,0.362,
2011,0.308,0.340,0.374,0.327,0.308,0.322,0.315,0.274,0.201,0.170,0.244,0.160,0.278,
2012,0.152,0.288,0.293,0.324,0.330,0.306,0.250,0.296,0.276,0.355,0.324,0.270,0.287,
2013,0.283,0.286,0.297,0.349,0.343,0.197,0.326,0.351,0.311,0.259,0.353,0.303,0.303,
2014,0.334,0.265,0.363,0.471,0.379,0.362,0.276,0.377,0.254,0.309,0.314,0.337,0.335,
2015,0.380,0.315,0.389,0.487,0.456,0.397,0.464,0.373,0.452,0.444,0.439,0.505,0.425,
2016,0.623,0.556,0.710,0.633,0.421,0.426,0.454,0.437,0.405,0.430,0.393,0.358,0.486,
2017,0.428,0.557,0.581,0.533,0.496,0.354,0.310,0.394,0.213,0.291,0.250,0.247,0.385,
2018,0.338,0.267,0.357,0.401,0.382,0.306,0.333,0.392,0.311,0.371,0.460,0.429,0.361,
2019,0.461,0.471,0.567,0.550,0.435,0.344,0.371,0.375,0.252,0.351,0.000,0.000,0.416,
