 1850  0.300  0.500  0.400  0.500  0.500  0.500  0.900  0.300  0.300  0.700  0.400  0.500  0.483
 1850      0      0      0      0      0      0      0      0      0      0      0      0
 1851  0.600  0.600  0.200  0.400  0.300  0.500  0.400  0.200  0.500  0.600  0.100  0.600  0.417
 1851      0      0      0      0      0      0      0      0      0      0      0      0
 1852 -0.300  0.100  0.300  0.400  0.300  0.700  0.600  0.300  1.000  0.100  0.400 -0.200  0.308
 1852      0      0      0      0      0      0      0      0      0      0      0      0
 1853  0.400  0.500  0.400  0.300  0.400 -0.685  0.123  0.244 -0.600 -0.400 -1.000  0.338  0.002
 1853      0      0      0      0      0      0      0      0      0      0      0      0
 1854  1.100 -0.200  0.000  0.200 -1.000  0.400  0.900 -0.156 -0.426 -0.655 -0.613 -0.784 -0.112
 1854      0      0      0      0      0      0      0      0      0      0      0      0
 1855 -0.212 -0.836 -0.249 -0.020 -0.049 -0.567 -0.117 -0.248 -0.094 -0.585 -0.146 -0.918 -0.337
 1855      0      0      0      0      1      1      0      1      1      1      0      1
 1856 -0.207 -0.757 -0.196 -0.275 -1.203  0.496 -0.696 -0.351 -0.367 -0.755 -0.378 -0.475 -0.430
 1856      1      1      1      1      1      1      1      1      1      1      1      1
 1857 -0.498  0.073 -0.716 -1.588 -1.486 -0.504 -0.147 -0.328 -0.451 -1.425 -0.308 -0.430 -0.651
 1857      1      1      1      1      1      1      1      1      1      1      1      1
 1858  0.157 -0.443 -0.571 -0.588 -1.196 -1.008 -1.702 -0.495 -0.692 -1.410 -0.901 -0.931 -0.815
 1858      1      1      1      1      1      1      1      1      1      1      1      1
 1859 -1.037 -1.289 -1.035 -0.819 -0.729 -0.547 -0.225 -0.355 -0.808  0.350 -0.806 -0.121 -0.619
 1859      1      1      1      1      1      1      1      1      1      1      1      1
 1860  0.260 -0.551 -0.655 -0.876 -1.226 -0.652 -0.209  0.420 -0.327 -0.522 -0.879 -0.621 -0.486
 1860      1      1      1      1      1      1      1      1      1      1      1      1
 1861 -1.169 -0.668  0.068  0.011 -1.360 -0.369 -1.029 -0.427 -0.564 -0.877 -0.955 -0.874 -0.684
 1861      1      1      1      1      1      1      1      1      1      1      1      1
 1862 -0.295 -1.047  0.189 -0.614 -0.431 -0.026 -0.705 -1.341 -0.694 -1.033 -0.636 -0.601 -0.603
 1862      1      1      1      1      1      1      1      1      1      1      1      1
 1863 -0.998 -0.797 -1.119 -0.712 -1.187 -0.847 -0.901 -1.290 -1.226 -1.162 -1.336 -0.757 -1.027
 1863      1      1      1      1      1      1      1      1      1      1      1      1
 1864 -1.489 -1.429 -0.840 -0.888 -0.567 -0.546 -0.565 -1.020 -0.267 -0.885 -0.366 -0.692 -0.796
 1864      1      1      1      1      1      1      1      1      1      1      1      1
 1865 -1.368 -0.589 -0.381 -0.295 -1.312 -0.235 -0.722 -0.783 -0.668 -0.753 -0.199 -0.668 -0.664
 1865      1      1      1      1      1      1      1      1      1      1      1      1
 1866 -0.744 -0.747 -0.688 -0.726 -0.138 -0.820 -0.684 -0.833 -0.706 -0.798 -1.430 -0.834 -0.762
 1866      1      1      1      1      1      1      1      1      1      1      1      1
 1867 -0.478 -0.596 -0.890 -0.980 -0.356 -0.283 -0.485 -0.542 -0.472  0.014 -0.272 -0.683 -0.502
 1867      1      1      1      1      1      1      1      1      1      1      1      1
 1868 -1.582 -1.371 -0.645 -0.984 -0.222 -0.447 -0.632 -0.497 -0.519 -0.003 -0.521 -0.940 -0.697
 1868      1      1      1      1      1      1      1      1      1      1      1      1
 1869 -0.489 -0.943 -0.693 -0.741 -0.827 -0.656 -1.171 -0.224 -0.538 -0.896 -0.386 -0.374 -0.661
 1869      1      1      1      1      1      1      1      1      1      1      1      1
 1870 -0.516  0.058 -0.742 -0.937 -1.079 -0.444 -0.992 -1.548 -0.428 -0.385 -1.044 -0.649 -0.726
 1870      1      1      1      1      1      1      1      1      1      1      1      1
 1871 -0.685 -0.496 -1.193 -0.944 -0.154 -0.497 -0.419 -0.138 -0.649 -0.938 -0.977 -0.061 -0.596
 1871      1      1      1      1      1      1      1      1      1      1      1      1
 1872 -0.187 -0.581 -0.442 -1.058 -1.032 -0.328 -0.672 -1.638 -0.576 -0.124 -0.137 -0.869 -0.637
 1872      1      1      1      1      1      1      1      1      1      1      1      1
 1873 -0.538 -0.716 -0.875 -0.840 -0.107  0.480 -1.040 -0.125  0.216 -0.112 -1.125 -0.164 -0.412
 1873      2      2      2      2      2      2      2      2      2      1      1      1
 1874 -0.997 -1.130 -1.608 -0.533 -1.453 -1.225 -1.027 -0.666 -0.852 -0.920 -1.083 -0.379 -0.989
 1874      2      2      2      2      2      2      2      2      2      2      2      2
 1875 -0.462 -0.533 -1.028 -0.582 -0.691 -1.202 -0.555 -0.487 -0.515 -0.525 -0.778 -1.109 -0.705
 1875      2      2      2      2      2      2      2      2      2      2      2      2
 1876 -0.636 -0.622  0.137 -0.506 -0.376 -1.061 -0.176 -0.928 -0.054 -0.507 -1.190 -0.280 -0.516
 1876      2      2      2      2      2      2      2      2      2      2      2      2
 1877 -0.056 -0.096  0.223 -0.351 -1.048 -0.479  0.267  0.207 -0.621 -0.225 -0.329 -0.426 -0.244
 1877      2      2      2      2      2      2      2      2      2      2      2      2
 1878 -0.175 -0.731  0.038 -0.142 -0.658 -1.231 -0.558 -0.438  0.162 -0.052 -0.135 -0.838 -0.396
 1878      2      2      2      2      2      2      2      2      2      2      2      2
 1879 -0.462 -0.948 -1.019 -0.943 -1.346 -1.262 -0.719 -0.584 -0.376 -0.629 -0.371 -0.700 -0.780
 1879      2      2      2      2      2      2      2      2      2      2      2      2
 1880 -0.481 -0.183 -0.298 -0.607 -0.406 -0.012 -0.410  0.529 -0.447 -1.037 -0.174  0.198 -0.277
 1880      2      2      2      2      2      2      2      2      2      2      2      2
 1881 -0.844 -0.313 -0.327 -0.319 -0.120 -1.124 -0.994 -0.541  0.012 -0.370 -0.604  0.512 -0.419
 1881      2      3      3      3      3      3      3      3      3      3      3      3
 1882  0.075 -0.515 -0.173 -0.877 -0.698 -1.202 -0.812 -0.018  0.263  0.138 -0.227 -0.684 -0.394
 1882      2      3      3      3      3      3      3      3      2      3      2      2
 1883 -0.433 -0.716 -0.545 -0.765 -0.844  0.037 -0.417 -0.697 -0.897 -0.793 -0.550 -0.510 -0.594
 1883      3      3      3      3      3      2      3      3      3      3      3      3
 1884 -0.796 -0.543 -0.348 -0.792 -1.482 -0.694 -1.102  0.572 -0.335 -0.727 -0.476 -0.710 -0.619
 1884      3      3      3      3      3      3      3      3      3      3      3      3
 1885 -0.729 -0.908 -1.412 -1.335 -0.846 -1.155 -0.904 -0.460  0.117  0.160  0.135  0.156 -0.598
 1885      3      3      3      3      3      3      3      3      3      3      3      3
 1886  0.234 -0.485 -0.331 -0.300 -0.784 -0.992 -0.619 -0.608 -0.148 -0.974 -0.239 -0.509 -0.480
 1886      3      3      3      3      3      3      3      3      3      3      3      3
 1887 -0.100 -0.941 -0.555 -0.709 -1.187 -0.624 -0.848 -0.289 -0.801 -0.465 -0.965 -0.504 -0.666
 1887      3      3      3      3      3      3      3      3      3      3      3      3
 1888 -0.679 -0.682 -1.020 -0.501 -1.162 -0.621 -0.541 -0.423 -0.065 -0.170  0.153  0.269 -0.454
 1888      3      3      3      3      3      3      3      3      3      3      3      3
 1889 -0.021  0.071  0.305 -0.155 -0.020 -0.398 -0.632 -0.858 -0.674 -0.189 -0.226  0.027 -0.231
 1889      3      4      4      4      4      4      4      3      4      4      4      4
 1890 -0.336 -0.738 -0.520 -0.681 -0.981 -0.417 -1.060 -1.002 -0.393 -0.722 -0.736 -0.696 -0.690
 1890      4      4      4      4      4      4      4      4      3      4      4      4
 1891 -1.060 -0.797 -0.396 -0.636 -0.354 -0.518 -0.836 -0.976 -0.826 -0.607 -0.273 -0.644 -0.660
 1891      4      4      4      4      4      4      4      4      4      4      4      4
 1892 -0.379 -0.060 -0.089 -1.061 -1.343 -1.152 -0.893 -0.635 -0.989 -0.842 -0.477 -0.962 -0.740
 1892      4      4      4      4      4      4      4      4      4      4      4      4
 1893 -1.061 -0.977 -0.405 -0.866 -0.737 -1.083 -0.403 -0.888 -0.924 -0.658 -0.576 -0.420 -0.750
 1893      4      4      4      4      4      4      4      4      4      4      4      4
 1894 -0.488 -0.839 -0.607 -0.970 -1.344 -1.236 -1.235 -0.931 -1.281 -0.585 -0.171 -0.653 -0.862
 1894      4      4      4      4      4      4      4      4      4      4      4      4
 1895 -1.024 -0.910 -0.607 -0.853 -0.973 -0.545 -1.255 -0.449 -0.819 -0.253 -0.585 -0.077 -0.696
 1895      4      4      4      4      4      4      4      4      4      4      4      4
 1896 -0.223 -0.467 -0.427 -0.741 -0.900 -1.185 -0.723 -0.646 -0.449  0.084 -0.407  0.094 -0.499
 1896      4      4      4      4      4      4      4      4      4      4      4      4
 1897 -0.659 -0.423 -0.416  0.149 -0.629 -0.250 -0.589 -0.829 -0.698 -0.585 -0.015 -0.017 -0.413
 1897      4      4      4      4      4      4      4      4      4      4      4      4
 1898 -0.154 -0.380 -0.515 -0.895 -1.264 -0.363 -0.733 -0.660 -0.407 -0.629 -0.455 -0.252 -0.559
 1898      5      5      5      5      5      5      5      5      5      5      5      5
 1899 -0.897 -0.289 -0.150 -0.293 -0.847 -0.954 -0.559 -0.422 -0.187 -0.780 -0.537  0.097 -0.485
 1899      5      5      5      5      5      5      5      5      5      5      5      5
 1900 -0.221  0.211 -0.343 -0.411 -0.502  0.053 -0.431 -0.452 -0.534 -0.115  0.073 -0.249 -0.243
 1900      5      5      5      5      5      5      5      5      5      5      5      5
 1901 -0.344 -0.226 -0.437 -0.502 -0.265 -0.102 -0.641 -0.486  0.129 -0.312  0.059  0.024 -0.259
 1901      6      6      6      6      6      6      6      6      6      6      6      6
 1902 -0.563 -0.273 -0.313  0.016 -0.017  0.032 -0.363 -1.048 -0.329 -0.538 -0.162 -0.318 -0.323
 1902      6      6      6      6      6      6      6      6      6      6      6      6
 1903 -0.504 -0.372 -0.103 -0.683 -0.553 -0.416 -0.503 -0.482 -0.269 -0.751 -0.702 -0.941 -0.523
 1903      6      6      6      6      6      6      6      6      6      6      6      6
 1904 -0.847 -1.097 -0.922 -0.193 -0.591 -0.418 -0.368 -0.538 -0.443 -0.731 -0.514 -0.619 -0.607
 1904      6      6      6      6      6      6      6      6      6      6      6      6
 1905 -0.413 -0.964 -0.390 -0.320 -0.420 -0.092 -0.654 -0.582 -0.641 -0.763 -0.533 -0.387 -0.513
 1905      7      7      7      7      7      7      7      6      7      7      7      7
 1906  0.153  0.184 -0.292  0.009 -0.033 -0.415 -0.294 -0.397 -0.605 -0.341 -0.866 -0.698 -0.300
 1906      7      7      7      7      7      7      7      7      7      7      7      7
 1907 -0.582 -0.396 -0.578 -0.630 -0.785 -0.597 -0.566 -0.767 -0.577 -0.427 -0.594 -0.703 -0.600
 1907      8      8      8      8      8      8      8      7      7      7      7      7
 1908 -0.233 -0.485 -0.437 -0.713 -0.672 -0.548 -0.382 -0.661 -0.576 -0.699 -0.407 -0.252 -0.505
 1908      7      7      7      7      7      7      7      7      7      7      7      7
 1909 -0.518 -0.779 -0.416 -0.515 -0.830 -0.370 -0.440  0.091 -0.349 -0.283 -0.560 -0.791 -0.480
 1909      8      8      8      8      8      8      8      8      8      8      8      8
 1910 -0.459 -0.419 -0.863 -0.431 -0.303 -0.152 -0.320  0.033  0.029 -0.768 -0.741 -0.665 -0.422
 1910      9      9      9      9      9      9      9      9      9      9      9      9
 1911 -0.581 -0.756 -0.672 -0.728 -0.551 -0.968 -0.413 -0.471 -0.676 -0.414 -0.077 -0.189 -0.541
 1911      9      9      9      9      9      9      9      9      9      9      9      9
 1912 -0.063  0.033 -0.089 -0.228 -0.309 -0.119 -0.510 -0.359 -0.135 -0.084 -0.345 -0.142 -0.196
 1912      9     10     10     10     10     10     10     10     10     10     10     10
 1913 -0.276 -0.251 -0.690 -0.136 -0.947 -0.646  0.177 -0.148 -0.270 -0.066 -0.113 -0.016 -0.282
 1913     10     10     10     10     10     10     10     10     10     10     10     10
 1914  0.037  0.152  0.111  0.065 -0.085  0.181 -0.072 -0.002 -0.022  0.111 -0.127 -0.112  0.020
 1914     10     10     10     10     10     10     10     10     10     10     10     10
 1915 -0.224  0.412  0.052  0.132 -0.235 -0.139  0.452  0.056  0.382  0.013 -0.006 -0.196  0.058
 1915     10     10     10     10     10     10     10     10     11     11     11     11
 1916 -0.246 -0.021 -0.190 -0.245 -0.101 -0.442 -0.564 -0.185  0.187 -0.254 -0.821 -0.689 -0.298
 1916     11     11     11     11     11     11     11     11     11     11     11     11
 1917 -0.521 -1.082 -0.715 -0.675 -1.129 -0.522 -0.024 -0.704 -0.240 -0.406 -0.649 -0.527 -0.599
 1917     11     11     11     11     11     11     11     11     11     11     11     11
 1918 -0.738 -0.738 -0.821 -0.416 -0.711 -0.234 -0.728 -0.437 -0.364 -0.140 -0.207 -0.052 -0.465
 1918     11     11     11     11     11     11     11     11     11     11     11     11
 1919 -0.065 -0.118 -0.078  0.299  0.075  0.122 -0.145 -0.402 -0.496 -0.270 -0.293  0.059 -0.109
 1919     11     11     11     11     11     11     11     11     11     11     11     11
 1920 -0.290 -0.360 -0.422 -0.203 -0.425 -0.213 -0.296 -0.389 -0.140 -0.370 -0.179 -0.405 -0.308
 1920     11     11     11     11     11     11     11     11     11     11     11     11
 1921 -0.491 -0.301 -0.453 -0.388  0.204 -0.089 -0.298 -0.671 -0.227 -0.466 -0.257 -0.303 -0.312
 1921     11     11     11     11     11     11     11     11     11     11     11     11
 1922 -0.380 -0.274 -0.340  0.131 -0.465 -0.443 -0.277 -0.450 -0.134 -0.386 -0.041 -0.306 -0.281
 1922     11     11     11     11     11     11     11     11     11     11     11     11
 1923 -0.434  0.007 -0.004 -0.110 -0.271 -0.198 -0.910 -0.757 -0.523 -0.620 -0.287 -0.194 -0.358
 1923     11     11     11     11     11     11     11     11     11     11     11     11
 1924 -0.373 -0.540 -0.296 -0.705 -0.424 -0.216 -0.154 -0.515 -0.140 -0.435 -0.597 -0.540 -0.411
 1924     11     11     11     12     12     12     12     11     11     11     11     11
 1925 -0.792 -0.408 -0.377 -0.234 -0.619 -0.551 -0.808 -0.339 -0.870 -0.661 -0.124  0.134 -0.471
 1925     11     11     12     11     12     11     11     11     11     11     12     11
 1926 -0.064  0.397  0.136 -0.092 -0.779 -0.125 -0.266 -0.059 -0.036 -0.056 -0.051 -0.407 -0.117
 1926     12     12     12     12     12     12     12     12     12     12     12     12
 1927 -0.182 -0.255 -0.157 -0.399 -0.716 -0.452 -0.441 -0.433 -0.244 -0.052  0.030 -0.316 -0.301
 1927     12     12     12     12     12     12     12     12     12     12     12     12
 1928 -0.465 -0.295 -0.019  0.332 -0.612 -0.521 -0.259 -0.056  0.179 -0.012  0.107 -0.158 -0.148
 1928     12     12     12     12     12     12     12     12     12     11     12     11
 1929 -0.154 -0.057 -0.564 -0.572 -0.797 -0.494 -0.627 -0.425 -0.355 -0.154 -0.090 -0.551 -0.403
 1929     12     12     12     12     12     12     12     12     12     12     12     12
 1930 -0.384 -0.121 -0.237 -0.246 -0.369  0.152 -0.235 -0.566 -0.280 -0.484 -0.120 -0.186 -0.256
 1930     12     12     12     12     12     12     12     12     12     12     12     12
 1931 -0.161  0.039 -0.043 -0.366 -0.398 -0.286 -0.207 -0.228 -0.463 -0.278 -0.722 -0.015 -0.261
 1931     13     13     14     14     14     14     14     14     13     13     13     13
 1932  0.321 -0.121 -0.074 -0.013 -0.266 -0.320 -0.071 -0.503 -0.167 -0.085  0.086 -0.147 -0.113
 1932     14     14     14     14     14     14     14     14     14     14     14     14
 1933 -0.196 -0.064  0.065 -0.038 -0.029 -0.180 -0.483 -0.309 -0.235 -0.051 -0.502 -0.659 -0.223
 1933     14     14     14     14     14     14     14     14     14     14     14     14
 1934 -0.192 -0.604 -0.121 -0.404  0.004 -0.007 -0.062 -0.029 -0.158 -0.460 -0.409 -0.291 -0.228
 1934     14     14     14     14     14     14     14     14     14     14     14     14
 1935 -0.234 -0.165  0.028 -0.574 -0.347 -0.348 -0.259 -0.373 -0.519 -0.212 -0.183 -0.151 -0.278
 1935     14     14     14     14     14     14     14     14     14     14     14     14
 1936 -0.235 -0.206 -0.238 -0.216 -0.331 -0.350  0.177 -0.004 -0.314 -0.031 -0.125 -0.210 -0.174
 1936     14     14     14     14     14     14     14     14     14     14     14     14
 1937 -0.422 -0.229 -0.246 -0.420 -0.318 -0.131 -0.459 -0.062 -0.194 -0.076  0.206 -0.050 -0.200
 1937     14     14     14     14     14     14     14     14     14     14     14     14
 1938 -0.270 -0.267  0.041  0.038  0.258 -0.039 -0.100 -0.479 -0.047  0.199 -0.073  0.078 -0.055
 1938     14     14     14     14     14     14     14     14     14     14     14     14
 1939 -0.025 -0.268 -0.426 -0.419  0.147  0.105 -0.351 -0.322 -0.550 -0.331 -0.536 -0.321 -0.275
 1939     14     14     14     14     15     15     15     15     14     14     14     14
 1940 -0.138 -0.201 -0.046 -0.367 -0.239  0.334  0.170  0.028  0.064 -0.044 -0.264  0.306 -0.033
 1940     14     14     15     15     15     15     15     15     15     15     15     15
 1941 -0.302 -0.122 -0.205  0.093 -0.006  0.030  0.149 -0.011 -0.382  0.042  0.011  0.109 -0.049
 1941     16     16     16     16     16     16     16     16     16     16     16     16
 1942  0.277  0.066 -0.007  0.014 -0.060 -0.026 -0.309  0.181  0.102 -0.322  0.036 -0.194 -0.020
 1942     16     16     16     16     16     16     16     16     16     16     16     16
 1943 -0.139 -0.169 -0.118 -0.205 -0.380 -0.391 -0.085 -0.739 -0.207  0.209 -0.331 -0.088 -0.220
 1943     17     17     17     17     17     17     16     16     16     16     16     16
 1944 -0.011 -0.213 -0.134 -0.207 -0.479 -0.047  0.139  0.207  0.394  0.191  0.134  0.095  0.006
 1944     17     16     17     17     17     17     17     17     17     16     17     16
 1945 -0.009 -0.073 -0.118  0.167 -0.406 -0.151 -0.310  0.561  0.098 -0.098 -0.187 -0.266 -0.066
 1945     17     17     17     17     17     17     17     17     17     17     17     17
 1946 -0.387 -0.147 -0.461 -0.311  0.031 -0.449 -0.037 -0.177 -0.023 -0.374 -0.142 -0.222 -0.225
 1946     16     16     16     16     16     16     16     16     16     16     16     16
 1947  0.093  0.118 -0.133 -0.189  0.026  0.302 -0.154 -0.066 -0.255 -0.265 -0.080 -0.420 -0.085
 1947     17     17     17     17     17     16     17     17     17     17     17     16
 1948 -0.250 -0.196 -0.507 -0.336 -0.192  0.028 -0.185 -0.359 -0.130 -0.108 -0.381 -0.044 -0.222
 1948     17     17     17     17     17     17     17     17     17     17     17     17
 1949 -0.150 -0.548 -0.349 -0.505 -0.420 -0.287 -0.109 -0.246 -0.217 -0.192 -0.206 -0.163 -0.283
 1949     18     18     18     18     18     18     18     18     18     18     18     18
 1950 -0.348 -0.317 -0.330 -0.297 -0.290 -0.062 -0.091 -0.383 -0.239 -0.544 -0.510 -0.353 -0.314
 1950     18     18     18     18     18     18     18     18     18     18     18     18
 1951 -0.556 -0.564 -0.060 -0.427 -0.170 -0.097 -0.211 -0.241 -0.072 -0.062 -0.039 -0.132 -0.219
 1951     21     22     21     21     22     22     22     22     22     22     22     22
 1952  0.218  0.046  0.107 -0.183 -0.123 -0.309 -0.028  0.057  0.004 -0.074 -0.329 -0.098 -0.059
 1952     22     22     22     22     22     22     22     22     22     22     22     22
 1953 -0.187 -0.217  0.062 -0.035 -0.157 -0.067 -0.531 -0.038 -0.033 -0.182  0.019  0.010 -0.113
 1953     22     22     22     22     22     22     22     22     22     22     22     22
 1954 -0.196 -0.161 -0.039 -0.185 -0.320 -0.313 -0.337 -0.152 -0.234 -0.140 -0.171 -0.229 -0.207
 1954     23     22     23     22     22     23     23     22     22     22     22     22
 1955 -0.110 -0.160 -0.424 -0.333 -0.403 -0.222 -0.512 -0.161 -0.138 -0.311 -0.317 -0.446 -0.295
 1955     23     23     23     23     23     23     23     23     23     23     23     23
 1956 -0.588 -0.378 -0.336 -0.423 -0.512 -0.369 -0.143 -0.424 -0.427 -0.292 -0.428 -0.363 -0.390
 1956     24     24     24     24     24     24     24     24     24     24     24     24
 1957 -0.216 -0.291 -0.132  0.000  0.101  0.118 -0.389 -0.038 -0.067  0.011  0.197  0.119 -0.049
 1957     24     24     24     25     25     24     24     24     24     24     24     24
 1958  0.079  0.150  0.200  0.256  0.141 -0.002  0.255 -0.279 -0.257  0.032  0.111 -0.214  0.039
 1958     24     24     24     24     24     24     24     24     24     24     24     24
 1959 -0.110 -0.033  0.054 -0.075 -0.250  0.069  0.165 -0.130 -0.081 -0.094  0.104 -0.047 -0.036
 1959     24     24     24     24     24     24     24     25     24     24     24     24
 1960  0.035 -0.116 -0.285 -0.287 -0.598 -0.228 -0.237 -0.147 -0.026  0.112 -0.238 -0.012 -0.169
 1960     24     25     25     24     24     25     25     24     25     25     25     25
 1961 -0.080 -0.097 -0.093  0.107  0.144 -0.082 -0.018 -0.044  0.237  0.276  0.004 -0.051  0.025
 1961     25     25     26     26     26     26     25     26     26     26     26     26
 1962 -0.113 -0.130 -0.048 -0.205 -0.341  0.147 -0.237 -0.114  0.100 -0.014  0.176 -0.049 -0.069
 1962     26     26     26     26     26     26     26     26     26     26     26     26
 1963 -0.251 -0.056 -0.159 -0.231 -0.189 -0.097  0.032 -0.036  0.064  0.038 -0.208 -0.065 -0.097
 1963     26     26     26     26     26     26     26     26     26     26     26     26
 1964 -0.011  0.003 -0.068 -0.116 -0.305 -0.410 -0.283 -0.236 -0.186 -0.460 -0.418 -0.561 -0.254
 1964     26     26     26     26     26     26     26     26     26     26     26     26
 1965 -0.287  0.019 -0.316 -0.371 -0.198  0.116 -0.365 -0.004 -0.001 -0.136 -0.115 -0.122 -0.148
 1965     27     27     27     27     27     27     26     26     26     27     26     26
 1966 -0.017 -0.265 -0.043  0.000 -0.152  0.168 -0.111 -0.322 -0.233 -0.312 -0.106 -0.271 -0.139
 1966     27     27     27     27     27     27     27     27     27     27     27     27
 1967 -0.122 -0.258 -0.355  0.009  0.115 -0.249 -0.267 -0.158 -0.107  0.170 -0.101 -0.180 -0.125
 1967     27     27     27     27     27     27     27     27     27     27     27     26
 1968 -0.131 -0.236 -0.235 -0.410 -0.596 -0.318 -0.060 -0.097 -0.318 -0.061 -0.035 -0.171 -0.222
 1968     26     26     27     26     27     27     26     26     26     26     26     26
 1969  0.167  0.097  0.184  0.193  0.182  0.090  0.183  0.056 -0.070  0.005  0.169  0.139  0.116
 1969     27     27     27     27     27     27     27     27     27     27     27     27
 1970  0.157  0.236  0.081  0.161 -0.095  0.252 -0.005 -0.104  0.119  0.096 -0.140 -0.133  0.052
 1970     27     27     27     27     27     27     27     27     27     27     27     27
 1971 -0.245 -0.336 -0.160 -0.351 -0.445 -0.432 -0.061  0.010  0.060 -0.141 -0.404 -0.268 -0.231
 1971     26     26     26     26     26     26     26     26     27     27     27     27
 1972 -0.306 -0.297 -0.338 -0.175  0.067  0.138  0.037 -0.026  0.180 -0.050  0.141  0.568 -0.005
 1972     27     27     27     27     26     26     27     26     26     26     27     27
 1973  0.450  0.315  0.433  0.279  0.199  0.365  0.146  0.003  0.027  0.095 -0.164 -0.296  0.154
 1973     27     27     27     27     27     27     27     27     27     26     26     26
 1974 -0.406 -0.492 -0.339 -0.335 -0.248 -0.260 -0.018 -0.148 -0.364 -0.286 -0.315 -0.341 -0.296
 1974     26     26     26     26     26     26     26     26     26     26     26     26
 1975 -0.299 -0.194 -0.248 -0.189 -0.042 -0.038 -0.037 -0.287  0.002 -0.439 -0.294 -0.379 -0.204
 1975     27     26     27     27     26     26     26     26     26     26     26     26
 1976 -0.591 -0.553 -0.493 -0.443 -0.361 -0.307 -0.187 -0.369 -0.369 -0.354 -0.145  0.082 -0.341
 1976     26     26     26     26     26     26     26     26     26     26     26     26
 1977  0.045  0.090 -0.010  0.004 -0.164  0.046  0.116  0.141 -0.158  0.201  0.129  0.100  0.045
 1977     26     26     26     26     27     26     26     26     26     27     27     26
 1978 -0.043  0.139  0.112 -0.049  0.090 -0.095  0.194 -0.199 -0.103 -0.139 -0.121 -0.142 -0.030
 1978     26     26     27     26     27     26     27     25     27     27     27     27
 1979  0.124  0.028  0.061  0.089 -0.086  0.138  0.040  0.277  0.007  0.124  0.153  0.251  0.101
 1979     27     27     27     27     27     27     27     27     27     27     27     27
 1980  0.211  0.211  0.385  0.286  0.404  0.011  0.018  0.207  0.181  0.148  0.045  0.192  0.192
 1980     26     26     26     27     27     27     26     27     26     26     27     27
 1981  0.096  0.074 -0.063  0.273  0.188 -0.069  0.088  0.163  0.080 -0.145 -0.022  0.200  0.072
 1981     27     27     27     27     26     26     26     27     27     27     26     26
 1982  0.218  0.099 -0.005 -0.035  0.097 -0.090 -0.061  0.179 -0.036 -0.230  0.205  0.317  0.055
 1982     26     26     26     26     26     26     26     26     27     26     26     26
 1983  0.484  0.647  0.430  0.329  0.509  0.225  0.098  0.164  0.383  0.213  0.166  0.132  0.315
 1983     26     26     26     26     26     27     27     26     26     27     26     26
 1984 -0.162  0.041 -0.001 -0.086  0.134 -0.078 -0.097 -0.075 -0.006  0.185  0.042 -0.012 -0.010
 1984     26     26     26     26     26     26     26     26     26     26     26     26
 1985  0.183  0.159  0.204  0.004  0.027 -0.040 -0.024  0.213  0.047 -0.002  0.115  0.034  0.077
 1985     26     27     27     27     27     26     26     27     26     26     27     26
 1986  0.116  0.123  0.158  0.312  0.269  0.137 -0.001  0.035  0.033 -0.032  0.000  0.136  0.107
 1986     26     26     26     26     26     26     26     26     25     26     26     26
 1987  0.307  0.331  0.235  0.586  0.174  0.392  0.432  0.131  0.136  0.408  0.589  0.355  0.340
 1987     26     26     26     26     26     26     26     25     26     26     26     26
 1988  0.494  0.288  0.497  0.217  0.247  0.285  0.115  0.326  0.422  0.428  0.124  0.038  0.290
 1988     26     26     26     26     26     25     25     25     25     26     26     25
 1989 -0.013  0.054 -0.014  0.049  0.064  0.063 -0.026  0.157  0.164  0.193  0.142  0.156  0.083
 1989     25     25     25     25     25     25     25     25     25     25     25     25
 1990  0.210  0.131  0.307  0.251  0.312  0.154  0.264  0.156 -0.073  0.414  0.578  0.342  0.254
 1990     25     25     26     25     26     26     25     25     25     25     25     25
 1991  0.205  0.258  0.286  0.287  0.389  0.569  0.212  0.184  0.268  0.121  0.018 -0.015  0.232
 1991     24     24     24     24     24     24     24     23     24     24     24     24
 1992  0.199  0.153  0.397  0.289  0.272  0.357 -0.117 -0.011 -0.030 -0.018 -0.248 -0.032  0.101
 1992     24     23     24     24     24     24     24     24     23     23     23     23
 1993  0.151 -0.143  0.150  0.320  0.297  0.253  0.328  0.206  0.037  0.195  0.196  0.124  0.176
 1993     23     23     23     23     23     23     23     23     23     23     23     23
 1994  0.217  0.023 -0.006  0.109  0.333  0.267 -0.051  0.044  0.262  0.155  0.375  0.516  0.187
 1994     23     23     23     24     23     23     24     23     24     24     23     23
 1995  0.278  0.152  0.150  0.121  0.214  0.270  0.390  0.408  0.488  0.326  0.350  0.159  0.276
 1995     23     23     24     24     24     24     24     24     24     24     23     24
 1996  0.100  0.130  0.226  0.102  0.280  0.252  0.144  0.445  0.317  0.392  0.137  0.161  0.224
 1996     23     23     23     23     23     23     23     23     23     23     23     23
 1997  0.092  0.108 -0.023  0.065  0.137  0.435  0.380  0.291  0.588  0.489  0.589  0.703  0.321
 1997     23     23     23     23     23     23     23     23     23     23     23     24
 1998  0.736  0.948  0.912  0.799  0.845  0.864  0.942  0.827  0.581  0.702  0.324  0.352  0.736
 1998     23     24     24     24     24     24     24     24     24     24     24     24
 1999  0.427  0.336  0.413 -0.032  0.302  0.420  0.382  0.352  0.437  0.311 -0.075 -0.023  0.271
 1999     23     24     23     23     23     24     24     23     23     23     23     23
 2000 -0.018  0.103  0.027  0.214  0.018  0.285  0.095  0.255  0.352  0.259  0.100  0.180  0.156
 2000     23     23     24     23     23     23     23     23     23     23     23     22
 2001  0.324  0.433  0.250  0.303  0.166  0.423  0.322  0.511  0.482  0.322  0.289  0.284  0.342
 2001     22     22     23     22     22     22     22     22     22     23     22     22
 2002  0.274  0.178  0.522  0.730  0.696  0.310  0.521  0.545  0.485  0.631  0.542  0.563  0.500
 2002     22     21     23     22     22     23     23     22     23     23     23     23
 2003  0.567  0.532  0.397  0.427  0.582  0.828  0.428  0.245  0.539  0.371  0.480  0.490  0.491
 2003     22     22     22     23     23     23     22     22     22     23     23     22
 2004  0.572  0.394  0.412  0.505 -0.009  0.506  0.141  0.277  0.299  0.711  0.562  0.498  0.406
 2004     23     22     23     22     22     22     22     22     22     22     22     22
 2005  0.634  0.706  0.636  0.621  0.534  0.738  0.622  0.589  0.486  0.650  0.601  0.351  0.597
 2005     22     21     22     22     21     21     21     22     22     22     22     21
 2006  0.614  0.523  0.433  0.293 -0.121  0.330  0.611  0.448  0.467  0.689  0.575  0.456  0.443
 2006     22     22     22     22     22     22     22     22     22     22     22     21
 2007  0.555  0.570  0.514  0.600  0.465  0.125  0.162  0.282  0.770  0.610  0.348  0.210  0.434
 2007     22     21     21     22     22     22     22     22     22     22     22     22
 2008  0.429  0.086  0.203 -0.031  0.003  0.257  0.621  0.264  0.609  0.796  0.617  0.425  0.356
 2008     22     22     22     22     22     22     22     22     22     22     21     22
 2009  0.430  0.391  0.467  0.622  0.384  0.493  0.414  0.994  0.725  0.469  0.799  0.588  0.565
 2009     22     22     22     21     22     22     22     23     22     22     22     22
 2010  0.595  0.784  0.796  0.718  0.681  0.686  0.547  0.295  0.577  0.387  0.206  0.191  0.539
 2010     22     22     21     22     22     21     22     22     22     22     22     22
 2011  0.359  0.163  0.086  0.206  0.082  0.335  0.428  0.424  0.449  0.332  0.436  0.279  0.298
 2011     21     21     22     21     22     21     21     22     21     22     22     21
 2012  0.316  0.178  0.139  0.221  0.251  0.289  0.150  0.554  0.686  0.620  0.668  0.654  0.394
 2012     22     21     22     22     21     21     22     21     21     21     21     21
 2013  0.743  0.456  0.435  0.507  0.462  0.705  0.535  0.411  0.811  0.653  0.442  0.614  0.565
 2013     21     21     21     21     21     21     20     21     21     21     21     21
 2014  0.531  0.228  0.182  0.418  0.737  0.746  0.499  0.607  0.833  0.955  0.646  0.547  0.577
 2014     21     21     21     21     21     21     20     20     20     21     20     20
 2015  0.478  0.614  0.647  0.428  0.622  0.883  0.697  0.871  0.612  1.072  0.884  0.979  0.732
 2015     20     20     20     20     21     21     20     20     20     21     20     21
 2016  0.925  1.094  1.058  0.913  0.781  0.625  0.781  0.872  0.609  0.600  0.658  0.739  0.805
 2016     21     21     20     21     20     20     20     20     19     19     21     20
 2017  0.698  0.679  0.739  0.463  0.803  0.791  1.042  0.952  0.902  0.870  0.482  0.698  0.760
 2017     19     20     19     19     19     18     19     19     19     19     19     19
 2018  0.645  0.540  0.587  1.130  0.658  0.429  0.645  0.419  0.790  0.727  0.638  0.889  0.675
 2018     19     19     19     17     17     19     18     19     19     17     18     18
 2019  0.961  0.664  0.805  0.865  0.712  0.822  0.824  0.593  0.638  0.000  0.000  0.000  0.765
 2019     18     18     18     17     18     19     19     19     19      0      0      0
