 1850 -0.187 -0.173 -0.448 -0.310 -0.270 -0.074 -0.234 -0.268 -0.334 -0.400 -0.247 -0.234 -0.246
 1850     21     19     18     18     19     20     21     22     27     25     25     21
 1851 -0.264 -0.449 -0.393 -0.310 -0.158 -0.093 -0.186 -0.257  0.027  0.024  0.153  0.160 -0.127
 1851     20     16     17     19     18     17     21     22     19     21     19     18
 1852  0.160 -0.251 -0.163 -0.154 -0.160  0.190 -0.170  0.026  0.002 -0.038 -0.056  0.077 -0.026
 1852     18     19     19     22     22     23     23     21     23     23     21     21
 1853  0.023  0.191  0.034 -0.015 -0.080 -0.018 -0.119 -0.220 -0.300 -0.400 -0.200 -0.082 -0.079
 1853     23     24     25     19     23     25     23     26     24     27     22     23
 1854 -0.078 -0.154  0.005 -0.037 -0.030 -0.093 -0.086  0.125 -0.102 -0.194 -0.278  0.052 -0.054
 1854     25     23     25     27     26     23     25     27     24     26     23     22
 1855  0.158 -0.149  0.075  0.038 -0.314 -0.026 -0.138 -0.208 -0.275 -0.007 -0.006 -0.171 -0.065
 1855     23     25     21     23     27     25     27     25     22     21     20     18
 1856 -0.119 -0.246 -0.263 -0.383  0.110 -0.310 -0.393 -0.361 -0.369 -0.233 -0.607 -0.547 -0.290
 1856     18     24     19     17     25     23     21     22     19     21     27     24
 1857 -0.431 -0.211 -0.260 -0.257 -0.430 -0.168 -0.555 -0.270 -0.272 -0.386 -0.493 -0.558 -0.340
 1857     22     19     22     17     20     18     18     20     20     20     20     16
 1858 -0.380 -0.408 -0.459 -0.210 -0.443 -0.791 -0.370 -0.419 -0.616 -0.134 -0.350 -0.182 -0.379
 1858     18     19     17     20     19     19     19     20     18     20     19     20
 1859 -0.488 -0.428 -0.389  0.037 -0.341 -0.370 -0.457 -0.080 -0.613 -0.144 -0.456 -0.508 -0.334
 1859     16     15     18     16     16     11     14     12     13     16     11     15
 1860 -0.298 -0.393 -0.215 -0.232 -0.156 -0.558  0.195 -0.082 -0.229  0.149 -0.117 -0.119 -0.154
 1860     15     16     12     15     10     11     12     15     12     13     11     11
 1861 -0.705 -1.114 -0.463  0.192 -0.282 -0.116  0.293  0.075 -0.228 -0.074 -0.034 -0.040 -0.191
 1861     10      9      7      8      7      6      6     10      8      8      7      6
 1862 -0.302 -0.446 -0.486 -0.440 -0.392 -0.402 -0.477 -0.701 -0.352 -0.438 -0.616 -0.965 -0.483
 1862      7      6      8      8      8     11     11      8      8      6      6      5
 1863 -0.565 -0.586 -0.602 -0.237 -0.199 -0.313 -0.562 -0.535 -0.423 -0.644 -0.760 -0.133 -0.448
 1863      7      7      8      7      9      8      7      8      6      7      6      6
 1864 -0.613 -0.889 -0.742 -0.359 -0.043  0.024  0.177  0.400 -0.383 -0.282 -0.081 -0.263 -0.237
 1864      8      8      9     10      7     10      7      7      6      7      9      8
 1865 -0.176  0.160 -0.157 -0.281 -0.197  0.133 -0.231 -0.317  0.069  0.091 -0.248 -0.240 -0.102
 1865      7      5      6      9      8      7      7      7      6      4      5      7
 1866 -0.552  0.152 -0.341 -0.527 -0.470  0.539 -0.051 -0.021 -0.282 -0.125  0.028 -0.090 -0.132
 1866      8     10      8      7      6      7      7      7      7      6      6      6
 1867  0.077 -0.016  0.081 -0.233 -0.145 -0.322  0.076 -0.032 -0.084 -0.260  0.278 -0.409 -0.070
 1867      8      7      8      8      8      9      8      6      6      6      6      8
 1868 -0.074 -0.244  0.010  0.032  0.073  0.411  0.855  0.125 -0.093 -0.433 -0.166  0.149  0.065
 1868      5      5      6      9      7      6      8      7      8      8      8      8
 1869 -0.180 -0.043 -0.201  0.019  0.187 -0.166  0.038  0.070 -0.218 -0.090 -0.138 -0.092 -0.055
 1869      7     10     12     12     13     14     12     13     11     11     10     11
 1870 -0.055  0.042 -0.010 -0.058 -0.124 -0.007  0.037  0.069 -0.077 -0.034 -0.117  0.005 -0.018
 1870     12     14     17     14     12     15     15     13     11      9     14     10
 1871 -0.229 -0.280 -0.196  0.126  0.034 -0.105  0.045 -0.253 -0.511 -0.478 -0.452 -0.155 -0.194
 1871      9      9     11     12     12     14     13     15     12     10      9     11
 1872 -0.467 -0.561 -0.448 -0.218 -0.122 -0.014  0.101  0.227  0.154 -0.191 -0.328 -0.348 -0.172
 1872     10     13     13     14     12     15     15     13     15     14     17     16
 1873 -0.027 -0.521 -0.287 -0.281 -0.409 -0.371 -0.290 -0.188 -0.051 -0.247 -0.228 -0.160 -0.247
 1873     14     11     14     12     16     16     12     18     13     13     14     15
 1874  0.175 -0.369 -0.405 -0.273 -0.247 -0.245 -0.290 -0.375 -0.159 -0.423 -0.417 -0.611 -0.300
 1874     10     16     15     14     13     14     17     16     15     18     16     18
 1875 -0.375 -0.308 -0.384 -0.329 -0.142 -0.250 -0.251 -0.041  0.020  0.026 -0.310 -0.438 -0.226
 1875     16     14     21     20     20     20     16     19     12     16     15     17
 1876 -0.536 -0.322 -0.332 -0.332 -0.506 -0.187  0.129 -0.084 -0.252 -0.414 -0.190 -0.043 -0.253
 1876     16     18     17     19     18     20     18     19     16     14     18     15
 1877 -0.302  0.259 -0.120 -0.054 -0.076  0.157  0.192  0.346  0.266  0.302  0.312  0.336  0.139
 1877     14     15     16     17     16     16     19     18     18     18     18     18
 1878  0.308  0.276  0.206  0.559  0.342  0.342  0.045  0.187  0.218 -0.213 -0.216 -0.067  0.168
 1878     19     19     17     19     17     20     20     23     19     20     20     22
 1879  0.007  0.024 -0.005 -0.143 -0.033 -0.174 -0.275 -0.212 -0.204 -0.112 -0.299 -0.286 -0.138
 1879     17     22     22     22     23     24     22     26     22     20     20     22
 1880 -0.081 -0.262  0.003  0.021 -0.298 -0.161 -0.095 -0.088 -0.260 -0.153 -0.156 -0.220 -0.142
 1880     18     22     22     20     19     21     25     26     22     24     25     25
 1881  0.045  0.061  0.025 -0.004 -0.014 -0.055 -0.244 -0.196 -0.302 -0.366 -0.485 -0.237 -0.147
 1881     24     26     26     25     24     26     25     26     30     28     29     24
 1882 -0.101 -0.228 -0.249 -0.252 -0.277 -0.259 -0.165 -0.269 -0.222 -0.268 -0.172 -0.238 -0.221
 1882     26     28     26     26     28     25     30     26     28     26     27     23
 1883 -0.368 -0.205 -0.322 -0.225 -0.240 -0.132 -0.134 -0.039 -0.336 -0.478 -0.356 -0.210 -0.251
 1883     29     30     30     26     28     28     29     31     32     35     32     32
 1884 -0.444 -0.075 -0.168 -0.339 -0.140 -0.348 -0.376 -0.285 -0.446 -0.348 -0.632 -0.419 -0.332
 1884     27     29     26     29     37     35     36     33     38     37     35     35
 1885 -0.260 -0.368 -0.363 -0.334 -0.223 -0.365 -0.223 -0.150 -0.223  0.023 -0.232 -0.144 -0.236
 1885     34     34     36     36     34     34     34     38     38     39     35     42
 1886 -0.021 -0.226 -0.169 -0.227 -0.191 -0.244 -0.189 -0.290 -0.417 -0.275 -0.409 -0.394 -0.252
 1886     37     36     41     36     36     39     40     42     40     42     35     35
 1887 -0.420 -0.491 -0.334 -0.331 -0.403 -0.203 -0.155 -0.187 -0.437 -0.219 -0.306 -0.046 -0.292
 1887     34     34     35     36     31     35     37     35     32     32     35     32
 1888 -0.092 -0.235 -0.146 -0.024 -0.132 -0.042 -0.186 -0.183 -0.196  0.061 -0.007 -0.009 -0.097
 1888     30     33     33     36     34     35     35     34     31     32     30     28
 1889  0.216  0.080  0.007  0.043 -0.034  0.025 -0.146 -0.159 -0.237 -0.148 -0.176 -0.322 -0.070
 1889     29     29     30     30     31     29     28     33     29     28     25     28
 1890 -0.315 -0.210 -0.286 -0.292 -0.266 -0.266 -0.482 -0.496 -0.542 -0.435 -0.426 -0.392 -0.367
 1890     30     27     26     26     28     30     29     30     27     28     27     27
 1891 -0.454 -0.230 -0.162 -0.224 -0.092 -0.070 -0.099 -0.112 -0.056 -0.140 -0.362 -0.195 -0.183
 1891     26     26     27     27     28     28     27     26     25     24     29     26
 1892 -0.133 -0.119 -0.334 -0.291 -0.302 -0.382 -0.539 -0.403 -0.349 -0.508 -0.670 -0.527 -0.380
 1892     26     27     31     26     26     26     25     27     30     27     28     25
 1893 -0.532 -0.420 -0.477 -0.444 -0.472 -0.321 -0.143 -0.245 -0.531 -0.259 -0.524 -0.506 -0.406
 1893     26     28     28     29     28     29     28     29     28     25     26     25
 1894 -0.600 -0.640 -0.625 -0.349 -0.425 -0.508 -0.166 -0.357 -0.284 -0.441 -0.378 -0.447 -0.435
 1894     28     26     26     26     25     29     25     27     31     27     26     26
 1895 -0.271 -0.293 -0.576 -0.395 -0.287 -0.203 -0.211 -0.274 -0.114 -0.068 -0.128 -0.245 -0.255
 1895     29     26     23     24     28     24     25     28     27     29     25     26
 1896 -0.293 -0.253 -0.154 -0.067 -0.030  0.022  0.024  0.035  0.146 -0.139 -0.016  0.050 -0.057
 1896     28     28     25     27     26     29     31     31     31     29     31     30
 1897 -0.017 -0.073  0.162  0.050 -0.055 -0.049  0.007 -0.077 -0.197 -0.180 -0.233 -0.242 -0.075
 1897     27     27     25     27     32     30     27     30     33     29     27     31
 1898 -0.186 -0.192 -0.177 -0.297 -0.346 -0.167 -0.169 -0.218 -0.207 -0.337 -0.302 -0.339 -0.242
 1898     31     29     31     28     34     33     34     35     32     33     28     31
 1899 -0.217 -0.339 -0.432 -0.261 -0.154 -0.306 -0.072 -0.049 -0.150 -0.128 -0.122 -0.178 -0.201
 1899     30     29     28     30     31     31     33     33     33     30     28     31
 1900 -0.063 -0.020 -0.071  0.043 -0.248 -0.017 -0.084 -0.045 -0.096  0.030 -0.076 -0.082 -0.061
 1900     26     26     26     26     28     29     33     32     32     30     30     29
 1901 -0.086 -0.091 -0.315 -0.170 -0.177 -0.107 -0.119 -0.122 -0.291 -0.253 -0.330 -0.442 -0.208
 1901     31     35     32     34     31     33     32     34     34     34     32     31
 1902 -0.475 -0.495 -0.405 -0.375 -0.384 -0.495 -0.457 -0.380 -0.254 -0.201 -0.194 -0.260 -0.365
 1902     31     31     35     37     34     38     37     41     37     35     38     35
 1903 -0.136 -0.313 -0.187 -0.312 -0.356 -0.434 -0.489 -0.728 -0.489 -0.617 -0.675 -0.543 -0.440
 1903     33     35     35     34     37     38     37     39     37     37     36     37
 1904 -0.623 -0.632 -0.609 -0.464 -0.483 -0.471 -0.445 -0.497 -0.456 -0.387 -0.459 -0.472 -0.500
 1904     38     36     36     39     38     36     36     39     40     39     37     38
 1905 -0.495 -0.466 -0.520 -0.504 -0.288 -0.241 -0.069 -0.357 -0.353 -0.375 -0.371 -0.343 -0.366
 1905     36     38     37     40     40     40     42     41     40     38     42     40
 1906 -0.166 -0.185 -0.141 -0.246 -0.368 -0.225 -0.244 -0.262 -0.371 -0.333 -0.382 -0.426 -0.280
 1906     38     42     40     39     42     44     43     47     41     42     43     39
 1907 -0.374 -0.481 -0.373 -0.440 -0.312 -0.390 -0.309 -0.530 -0.479 -0.422 -0.413 -0.413 -0.412
 1907     42     41     38     40     39     43     42     43     45     42     47     44
 1908 -0.475 -0.479 -0.616 -0.486 -0.442 -0.430 -0.479 -0.408 -0.487 -0.447 -0.502 -0.576 -0.486
 1908     42     44     42     44     44     43     44     48     46     47     45     44
 1909 -0.374 -0.521 -0.629 -0.482 -0.427 -0.470 -0.537 -0.397 -0.495 -0.456 -0.611 -0.523 -0.494
 1909     44     45     43     44     45     45     50     45     46     47     45     46
 1910 -0.418 -0.564 -0.639 -0.600 -0.492 -0.474 -0.640 -0.515 -0.411 -0.430 -0.521 -0.608 -0.525
 1910     43     43     44     41     41     47     45     47     44     49     48     47
 1911 -0.405 -0.615 -0.479 -0.657 -0.537 -0.476 -0.506 -0.376 -0.294 -0.384 -0.361 -0.377 -0.456
 1911     46     48     45     45     44     42     46     49     43     48     44     46
 1912 -0.395 -0.325 -0.223 -0.282 -0.277 -0.248 -0.323 -0.488 -0.595 -0.639 -0.618 -0.673 -0.425
 1912     47     46     44     42     46     45     46     49     47     48     49     48
 1913 -0.554 -0.561 -0.547 -0.578 -0.524 -0.555 -0.569 -0.565 -0.563 -0.428 -0.454 -0.407 -0.525
 1913     48     51     54     53     52     53     53     52     53     53     54     52
 1914 -0.437 -0.377 -0.456 -0.372 -0.271 -0.350 -0.329 -0.309 -0.330 -0.190 -0.275 -0.211 -0.327
 1914     51     52     51     51     50     50     49     48     45     49     50     48
 1915 -0.201 -0.325 -0.237 -0.288 -0.265 -0.046 -0.004  0.087 -0.062 -0.151 -0.153 -0.265 -0.159
 1915     48     48     48     46     45     46     48     50     48     45     42     44
 1916 -0.377 -0.314 -0.407 -0.377 -0.385 -0.348 -0.259 -0.336 -0.363 -0.430 -0.548 -0.518 -0.390
 1916     43     44     43     43     46     45     46     48     45     45     46     44
 1917 -0.645 -0.544 -0.499 -0.412 -0.522 -0.298 -0.408 -0.299 -0.297 -0.327 -0.461 -0.388 -0.424
 1917     47     42     42     43     43     43     43     45     43     46     40     41
 1918 -0.488 -0.506 -0.497 -0.360 -0.321 -0.440 -0.429 -0.353 -0.394 -0.337 -0.261 -0.260 -0.387
 1918     43     44     43     40     38     39     42     44     40     41     38     41
 1919 -0.305 -0.262 -0.318 -0.202 -0.400 -0.394 -0.394 -0.457 -0.415 -0.332 -0.420 -0.586 -0.374
 1919     43     43     42     44     46     46     46     48     47     47     48     45
 1920 -0.431 -0.292 -0.303 -0.349 -0.232 -0.241 -0.221 -0.357 -0.383 -0.276 -0.278 -0.311 -0.305
 1920     45     46     47     47     46     48     51     51     50     51     48     50
 1921 -0.315 -0.222 -0.305 -0.147 -0.247 -0.222 -0.146 -0.206 -0.155 -0.101 -0.275 -0.150 -0.208
 1921     51     50     51     50     50     50     50     53     51     51     52     52
 1922 -0.246 -0.190 -0.168 -0.243 -0.277 -0.290 -0.271 -0.306 -0.299 -0.365 -0.342 -0.366 -0.281
 1922     52     53     52     53     50     52     52     56     53     52     54     55
 1923 -0.403 -0.409 -0.463 -0.290 -0.256 -0.291 -0.247 -0.325 -0.259 -0.257 -0.127 -0.151 -0.289
 1923     52     52     54     53     53     56     57     57     57     56     54     54
 1924 -0.214 -0.201 -0.208 -0.110 -0.082 -0.109 -0.122 -0.233 -0.189 -0.298 -0.392 -0.457 -0.217
 1924     53     53     55     54     56     57     57     58     58     54     55     51
 1925 -0.333 -0.420 -0.304 -0.290 -0.090 -0.201 -0.099 -0.116 -0.095 -0.131 -0.139 -0.131 -0.198
 1925     53     54     53     56     54     53     55     56     55     54     54     54
 1926 -0.054 -0.048 -0.084 -0.021 -0.102 -0.022 -0.044 -0.009  0.074  0.063 -0.042 -0.087 -0.033
 1926     55     54     55     54     53     55     57     58     57     56     55     54
 1927 -0.083 -0.146 -0.141 -0.125 -0.113 -0.137 -0.092  0.071 -0.098  0.019  0.001 -0.046 -0.072
 1927     53     55     56     57     56     56     58     59     59     55     56     55
 1928 -0.011 -0.166 -0.116 -0.152 -0.159 -0.202 -0.078 -0.131 -0.086 -0.165 -0.271 -0.285 -0.152
 1928     55     55     55     55     55     55     58     60     57     57     57     56
 1929 -0.325 -0.299 -0.346 -0.259 -0.252 -0.243 -0.228 -0.082 -0.078 -0.122 -0.154 -0.163 -0.213
 1929     56     56     56     57     57     58     57     59     58     59     57     56
 1930 -0.149 -0.166 -0.145 -0.069 -0.105 -0.111 -0.016  0.049  0.184  0.098  0.090  0.052 -0.023
 1930     56     56     58     56     57     58     59     60     60     58     57     55
 1931  0.036 -0.024 -0.007 -0.059  0.032  0.069 -0.007  0.080  0.053 -0.041 -0.110 -0.114 -0.007
 1931     56     56     56     57     57     59     59     58     58     56     56     55
 1932 -0.130 -0.093 -0.172 -0.174 -0.095 -0.142 -0.086 -0.024 -0.008 -0.086 -0.142 -0.119 -0.105
 1932     56     56     57     57     57     58     58     61     59     58     55     57
 1933 -0.084 -0.102 -0.101 -0.032 -0.086 -0.173 -0.086 -0.144 -0.238 -0.166 -0.265 -0.250 -0.143
 1933     55     52     54     56     55     53     56     61     60     58     58     55
 1934 -0.261 -0.322 -0.323 -0.208 -0.137  0.003  0.013 -0.036  0.020 -0.175 -0.154 -0.159 -0.144
 1934     56     53     56     55     56     57     60     61     59     56     57     56
 1935 -0.149 -0.170 -0.188 -0.092 -0.080 -0.080 -0.079 -0.056 -0.152 -0.066 -0.131 -0.105 -0.112
 1935     55     56     54     56     59     59     60     61     60     59     58     58
 1936 -0.148 -0.074 -0.064 -0.015 -0.021  0.031  0.062  0.097  0.103 -0.130 -0.161 -0.084 -0.033
 1936     57     57     57     56     58     59     60     61     59     59     57     55
 1937 -0.091  0.032  0.086  0.010  0.053  0.118  0.249  0.220  0.222  0.116  0.125  0.088  0.104
 1937     56     55     55     57     57     59     62     62     59     57     55     55
 1938  0.008  0.008  0.042 -0.024 -0.048 -0.023 -0.022  0.111  0.035 -0.060 -0.157 -0.158 -0.022
 1938     56     55     55     55     58     59     60     60     57     56     57     56
 1939 -0.198 -0.147 -0.167 -0.176 -0.108 -0.119  0.022  0.040  0.184 -0.012 -0.015 -0.179 -0.072
 1939     55     54     55     57     57     59     59     58     58     55     54     52
 1940 -0.074 -0.200 -0.091 -0.113 -0.013  0.020  0.085  0.022  0.032  0.078  0.086  0.088 -0.005
 1940     53     53     51     53     54     54     54     57     51     52     53     52
 1941 -0.006  0.013 -0.034  0.047 -0.001  0.049  0.034 -0.013  0.016  0.214  0.201  0.240  0.065
 1941     54     55     54     54     55     58     56     59     58     58     54     40
 1942  0.117  0.299  0.065  0.085  0.154  0.069  0.141  0.043  0.062  0.024  0.142  0.038  0.103
 1942     42     45     45     47     44     43     44     46     39     42     43     36
 1943 -0.014  0.011 -0.058  0.031  0.040  0.074 -0.109  0.106  0.124  0.160  0.128  0.224  0.060
 1943     36     37     39     38     38     40     41     43     42     41     41     44
 1944  0.126  0.203  0.095  0.036  0.165  0.080  0.161  0.224  0.250  0.304  0.162  0.276  0.177
 1944     46     45     47     48     46     48     47     50     48     47     45     43
 1945  0.300  0.150  0.150  0.094  0.127  0.154  0.122  0.145  0.163  0.176  0.202  0.236  0.168
 1945     44     46     44     42     45     46     42     46     41     42     47     49
 1946  0.149  0.035  0.175  0.095  0.121 -0.070  0.025  0.010  0.132  0.083  0.117  0.087  0.079
 1946     40     40     40     42     39     41     44     47     40     43     48     40
 1947  0.145  0.016 -0.034 -0.017 -0.087 -0.039 -0.040  0.015  0.007 -0.098 -0.004  0.045 -0.005
 1947     42     45     46     44     46     45     49     51     46     43     45     44
 1948  0.017 -0.113  0.014  0.014  0.053  0.205  0.024  0.144 -0.002 -0.039 -0.058  0.057  0.029
 1948     43     41     43     42     42     45     48     48     49     48     47     45
 1949  0.056  0.118 -0.075 -0.018  0.005 -0.141 -0.068 -0.006 -0.109 -0.051 -0.010  0.054 -0.020
 1949     53     53     54     53     55     55     56     59     59     56     57     54
 1950  0.056 -0.009 -0.007 -0.027 -0.036 -0.102 -0.013 -0.001 -0.029 -0.027  0.007  0.040 -0.014
 1950     52     53     56     54     55     55     56     58     57     54     56     56
 1951  0.054 -0.037 -0.031 -0.073  0.072  0.110  0.170  0.297  0.289  0.250  0.180  0.213  0.125
 1951     54     55     57     56     55     56     57     60     57     59     57     57
 1952  0.183  0.166  0.133  0.131  0.189  0.160  0.100  0.175  0.093  0.140  0.025  0.081  0.133
 1952     56     57     56     59     58     58     60     62     61     60     59     56
 1953  0.046  0.069  0.118  0.133  0.137  0.135  0.150  0.239  0.182  0.117  0.136  0.130  0.134
 1953     57     58     57     58     59     60     61     63     62     60     60     57
 1954  0.219  0.083  0.017  0.043 -0.007  0.014 -0.091 -0.031 -0.023 -0.094 -0.079 -0.010  0.004
 1954     58     56     58     58     58     60     60     62     63     61     60     55
 1955 -0.023 -0.016 -0.017 -0.074 -0.105 -0.131  0.006  0.039 -0.010 -0.127 -0.031  0.043 -0.036
 1955     57     57     59     58     59     60     62     63     63     62     60     58
 1956  0.044 -0.018 -0.025 -0.067 -0.124 -0.258 -0.189 -0.129 -0.193 -0.115 -0.146 -0.063 -0.109
 1956     57     58     59     59     59     60     62     64     64     62     61     60
 1957 -0.093  0.004  0.020  0.013  0.079  0.097  0.156  0.264  0.161  0.123  0.193  0.232  0.104
 1957     61     60     61     62     61     62     64     66     64     64     62     60
 1958  0.202  0.268  0.245  0.221  0.144  0.239  0.125  0.187  0.197  0.161  0.129  0.212  0.195
 1958     59     61     61     63     63     64     65     66     65     64     63     61
 1959  0.164  0.191  0.098  0.131  0.144  0.122  0.172  0.146  0.157  0.106  0.056  0.078  0.131
 1959     61     62     62     62     63     64     65     65     66     63     63     62
 1960  0.076  0.082  0.088  0.055  0.062  0.058  0.201  0.137  0.147  0.072  0.089  0.083  0.096
 1960     62     62     62     63     63     64     65     67     66     65     63     63
 1961  0.120  0.154  0.164  0.148  0.124  0.105  0.171  0.144  0.018  0.131  0.070  0.105  0.121
 1961     63     63     62     64     65     65     66     67     67     65     63     63
 1962  0.051  0.096  0.066  0.095  0.059 -0.030  0.135  0.124  0.097  0.047  0.055  0.079  0.074
 1962     63     63     64     65     65     65     67     68     68     66     65     64
 1963  0.065  0.049  0.047  0.088  0.075  0.064  0.184  0.239  0.162  0.240  0.284  0.244  0.147
 1963     63     63     64     64     65     65     66     67     66     65     64     63
 1964  0.190  0.114  0.016  0.029  0.060  0.074  0.019 -0.174 -0.185 -0.126 -0.116 -0.120 -0.020
 1964     63     64     64     65     65     65     66     68     68     66     65     65
 1965 -0.122 -0.094 -0.150 -0.146 -0.136 -0.157 -0.148 -0.046 -0.031  0.077  0.143  0.133 -0.055
 1965     63     64     64     64     65     65     67     68     68     66     66     65
 1966  0.154  0.154  0.187  0.122  0.027  0.058  0.102  0.128  0.093  0.206  0.193  0.156  0.133
 1966     65     64     65     65     65     66     68     70     69     68     66     65
 1967  0.032  0.045  0.037  0.096  0.110  0.128  0.148  0.208  0.100  0.105  0.066 -0.027  0.089
 1967     65     65     65     66     66     67     68     70     70     68     67     66
 1968 -0.103 -0.114 -0.146 -0.050  0.068  0.159  0.104  0.094  0.109  0.138  0.119  0.147  0.045
 1968     65     64     64     66     66     67     69     71     71     69     66     66
 1969  0.223  0.180  0.133  0.146  0.198  0.044  0.057  0.072  0.065 -0.005  0.040  0.066  0.102
 1969     65     65     66     65     67     67     70     70     70     69     67     65
 1970  0.081  0.050  0.058  0.084  0.011  0.022 -0.094 -0.001 -0.016  0.014 -0.041 -0.007  0.014
 1970     65     64     65     66     66     67     68     70     70     69     66     66
 1971 -0.044 -0.150 -0.199 -0.162 -0.224 -0.236 -0.152 -0.241 -0.263 -0.269 -0.269 -0.213 -0.202
 1971     65     64     65     66     66     66     68     70     69     67     66     65
 1972 -0.238 -0.194 -0.215 -0.085 -0.087 -0.054 -0.018 -0.135 -0.142 -0.110 -0.052  0.036 -0.107
 1972     65     65     65     66     66     67     68     69     69     68     67     66
 1973  0.045  0.058  0.028  0.014 -0.017 -0.015 -0.040 -0.035 -0.111 -0.169 -0.153 -0.257 -0.055
 1973     66     66     66     66     66     67     67     70     70     68     67     66
 1974 -0.221 -0.174 -0.188 -0.242 -0.301 -0.234 -0.217 -0.125 -0.139 -0.160 -0.226 -0.141 -0.198
 1974     66     66     66     66     66     66     67     70     69     68     67     66
 1975 -0.116 -0.063 -0.160 -0.256 -0.173 -0.266 -0.156 -0.129 -0.260 -0.295 -0.333 -0.305 -0.209
 1975     66     65     66     66     67     68     68     71     71     68     67     66
 1976 -0.323 -0.326 -0.208 -0.269 -0.334 -0.247 -0.208 -0.172 -0.253 -0.141 -0.172 -0.148 -0.233
 1976     66     66     66     65     67     67     68     70     69     68     67     66
 1977 -0.119 -0.120 -0.060 -0.100 -0.080 -0.026  0.008  0.025  0.068 -0.053 -0.054 -0.025 -0.045
 1977     65     66     66     66     67     67     69     70     69     68     67     66
 1978  0.037 -0.026 -0.021 -0.079 -0.122 -0.118 -0.040 -0.089 -0.105 -0.096 -0.057 -0.043 -0.063
 1978     65     65     66     66     66     66     69     70     70     68     66     66
 1979  0.006 -0.013  0.015  0.031 -0.102  0.062 -0.010  0.000  0.023  0.027  0.053  0.110  0.017
 1979     66     66     66     66     66     67     68     70     69     68     67     67
 1980  0.137  0.047  0.051  0.022  0.007  0.044  0.060  0.034 -0.000 -0.093 -0.103 -0.063  0.012
 1980     66     65     66     66     66     66     68     69     69     68     67     66
 1981 -0.074 -0.077  0.009  0.027  0.045  0.101  0.067  0.004  0.053  0.060  0.006  0.022  0.020
 1981     65     66     67     66     66     66     69     70     69     68     67     66
 1982  0.002  0.010  0.032 -0.007  0.051 -0.009 -0.084 -0.116 -0.100 -0.006  0.019 -0.007 -0.018
 1982     65     65     66     66     66     66     68     70     69     68     67     66
 1983  0.072 -0.023  0.002 -0.041  0.078  0.088  0.043  0.021  0.072 -0.008 -0.019 -0.005  0.023
 1983     65     65     66     66     66     66     68     69     69     67     67     66
 1984 -0.065 -0.074 -0.020 -0.051 -0.022 -0.141 -0.003 -0.053 -0.038 -0.159 -0.183 -0.214 -0.086
 1984     65     66     65     66     66     68     68     70     69     67     67     66
 1985 -0.208 -0.202 -0.226 -0.242 -0.163 -0.094 -0.134 -0.121 -0.045 -0.097 -0.079 -0.129 -0.146
 1985     64     65     66     65     66     66     69     70     69     68     67     66
 1986 -0.170 -0.146 -0.144 -0.072 -0.019 -0.010 -0.061 -0.055 -0.048 -0.084 -0.091 -0.081 -0.082
 1986     65     65     65     66     67     67     68     70     69     68     67     66
 1987 -0.149 -0.137 -0.059 -0.088  0.043  0.066  0.093  0.217  0.178  0.137  0.216  0.138  0.055
 1987     66     65     66     66     67     67     69     70     70     68     66     66
 1988  0.182  0.121  0.145  0.132  0.107  0.155  0.228  0.143  0.019 -0.005 -0.112 -0.134  0.080
 1988     66     66     66     66     67     67     68     70     70     69     67     67
 1989 -0.128 -0.068 -0.072  0.061  0.088  0.130  0.229  0.224  0.132  0.051  0.064  0.016  0.060
 1989     66     66     66     66     67     67     69     70     70     69     68     66
 1990  0.093  0.151  0.254  0.253  0.222  0.223  0.273  0.282  0.298  0.332  0.288  0.246  0.242
 1990     66     66     66     66     67     67     69     70     70     69     68     66
 1991  0.267  0.211  0.181  0.268  0.189  0.226  0.266  0.233  0.104  0.090  0.056  0.073  0.180
 1991     65     65     66     65     67     67     68     70     70     69     67     65
 1992  0.076  0.137  0.125  0.105  0.136  0.185  0.034 -0.038 -0.075 -0.046 -0.101 -0.023  0.043
 1992     64     64     65     65     66     66     67     69     69     67     66     65
 1993  0.118  0.076  0.025  0.077  0.122  0.141  0.076  0.024 -0.009 -0.014  0.030  0.024  0.057
 1993     65     65     65     65     65     66     67     69     69     67     65     65
 1994  0.068  0.119  0.123  0.189  0.169  0.170  0.205  0.264  0.251  0.279  0.234  0.226  0.192
 1994     65     65     64     65     66     66     67     68     68     66     67     65
 1995  0.178  0.198  0.197  0.207  0.140  0.296  0.346  0.411  0.234  0.220  0.202  0.221  0.237
 1995     65     64     64     65     64     65     68     69     69     66     65     65
 1996  0.133  0.099  0.072  0.115  0.157  0.211  0.158  0.231  0.141  0.082  0.014  0.058  0.123
 1996     64     64     65     65     65     66     67     68     69     67     66     66
 1997  0.119  0.203  0.203  0.174  0.313  0.394  0.438  0.427  0.396  0.435  0.382  0.391  0.322
 1997     65     64     64     65     65     65     66     67     67     65     65     64
 1998  0.385  0.441  0.396  0.430  0.428  0.463  0.543  0.580  0.345  0.347  0.336  0.277  0.413
 1998     64     64     65     64     65     66     66     68     68     66     65     64
 1999  0.223  0.209  0.228  0.231  0.234  0.224  0.234  0.242  0.224  0.225  0.157  0.136  0.212
 1999     64     64     64     64     65     65     67     68     68     67     65     65
 2000  0.153  0.127  0.199  0.217  0.324  0.236  0.270  0.371  0.296  0.252  0.283  0.216  0.244
 2000     64     65     64     64     64     64     66     68     67     65     64     64
 2001  0.175  0.203  0.285  0.288  0.311  0.370  0.436  0.475  0.416  0.431  0.356  0.363  0.340
 2001     64     64     64     63     63     65     67     68     67     66     65     64
 2002  0.289  0.279  0.359  0.399  0.400  0.426  0.366  0.359  0.363  0.402  0.343  0.385  0.363
 2002     64     64     64     64     65     64     66     68     67     66     66     65
 2003  0.302  0.275  0.354  0.313  0.402  0.486  0.524  0.621  0.653  0.577  0.496  0.394  0.449
 2003     64     64     65     65     65     65     66     68     67     66     65     65
 2004  0.405  0.365  0.364  0.475  0.402  0.432  0.578  0.593  0.547  0.514  0.501  0.451  0.467
 2004     64     64     64     64     65     65     66     68     68     66     65     64
 2005  0.392  0.368  0.338  0.441  0.534  0.603  0.646  0.644  0.605  0.497  0.455  0.333  0.484
 2005     65     65     65     63     64     66     67     68     68     66     65     64
 2006  0.286  0.243  0.217  0.346  0.351  0.452  0.517  0.621  0.589  0.618  0.570  0.469  0.440
 2006     64     64     64     63     64     65     65     67     68     67     65     64
 2007  0.457  0.447  0.372  0.350  0.346  0.430  0.455  0.468  0.407  0.383  0.284  0.273  0.386
 2007     64     64     64     64     64     64     67     67     68     66     66     64
 2008  0.230  0.219  0.238  0.282  0.286  0.386  0.525  0.485  0.530  0.436  0.340  0.275  0.352
 2008     63     63     64     63     64     65     66     68     68     68     65     64
 2009  0.261  0.233  0.222  0.276  0.347  0.603  0.666  0.624  0.476  0.479  0.399  0.467  0.417
 2009     63     63     63     63     64     66     67     68     68     67     66     64
 2010  0.421  0.434  0.418  0.484  0.475  0.543  0.664  0.607  0.499  0.399  0.296  0.245  0.456
 2010     63     64     64     64     64     66     67     68     68     67     66     63
 2011  0.215  0.208  0.174  0.243  0.317  0.381  0.459  0.488  0.425  0.340  0.300  0.295  0.317
 2011     64     63     63     63     64     64     67     68     68     67     66     64
 2012  0.310  0.219  0.214  0.279  0.394  0.415  0.549  0.587  0.585  0.511  0.488  0.439  0.413
 2012     63     64     63     63     63     64     66     68     67     66     66     64
 2013  0.311  0.341  0.264  0.374  0.434  0.440  0.639  0.626  0.598  0.519  0.496  0.407  0.451
 2013     63     63     63     63     63     64     66     68     67     66     65     64
 2014  0.368  0.387  0.343  0.488  0.549  0.731  0.825  0.926  0.888  0.738  0.633  0.553  0.617
 2014     64     64     64     63     64     65     68     69     67     68     65     65
 2015  0.499  0.498  0.461  0.607  0.708  0.732  0.786  0.949  0.963  0.919  0.873  0.865  0.737
 2015     64     64     64     64     64     65     65     67     68     67     65     64
 2016  0.775  0.622  0.606  0.650  0.778  0.841  0.931  0.918  0.841  0.819  0.625  0.566  0.746
 2016     64     64     64     64     64     65     66     67     68     67     64     64
 2017  0.572  0.518  0.537  0.676  0.629  0.740  0.792  0.834  0.691  0.715  0.655  0.472  0.650
 2017     63     63     63     63     63     63     64     64     65     64     63     62
 2018  0.477  0.495  0.511  0.572  0.625  0.665  0.629  0.694  0.760  0.735  0.703  0.610  0.620
 2018     64     64     64     64     64     65     66     67     68     66     66     64
 2019  0.564  0.557  0.559  0.584  0.613  0.793  0.958  1.028  0.974  0.876  0.000  0.000  0.748
 2019     64     63     64     64     64     64     66     67     67     66      0      0
