 1850 -0.540 -0.512 -0.717 -0.550 -0.260 -0.459 -0.190 -0.396 -0.568 -0.326 -0.163 -0.333 -0.401
 1850     19     16     14     14     13     16     17     18     15     16     19     23
 1851 -0.424 -0.243 -0.271 -0.467 -0.422 -0.356 -0.255 -0.198 -0.363 -0.234 -0.090 -0.163 -0.274
 1851     21     22     18     17     16     18     17     19     13     14     12     17
 1852 -0.705 -0.643 -0.552 -0.564 -0.331 -0.290  0.062 -0.513 -0.270 -0.317 -0.202 -0.159 -0.357
 1852     23     20     19     18     19     19     18     21     14     15     18     24
 1853 -0.552 -0.664 -0.341 -0.370 -0.416 -0.361 -0.147 -0.183 -0.439 -0.413 -0.186 -0.477 -0.363
 1853     23     22     23     23     21     23     24     26     28     26     25     26
 1854 -0.418 -0.398 -0.530 -0.493 -0.489 -0.317 -0.527 -0.531 -0.129 -0.412 -0.377 -0.621 -0.421
 1854     31     30     27     24     26     26     26     31     26     29     29     29
 1855 -0.366 -0.269 -0.436 -0.575 -0.540 -0.357 -0.484 -0.184 -0.341 -0.451 -0.201 -0.199 -0.349
 1855     29     31     28     26     26     27     28     29     28     24     24     22
 1856 -0.169 -0.381 -0.340 -0.344 -0.199 -0.459 -0.251 -0.231 -0.499 -0.415 -0.339 -0.409 -0.319
 1856     25     25     24     28     24     23     23     27     28     29     29     22
 1857 -0.440 -0.500 -0.467 -0.594 -0.523 -0.396 -0.675 -0.488 -0.387 -0.515 -0.629 -0.568 -0.499
 1857     26     27     25     26     26     24     30     30     25     27     24     26
 1858 -0.781 -0.613 -0.479 -0.740 -0.914 -0.689 -0.455 -0.171 -0.171 -0.452 -0.431 -0.414 -0.509
 1858     30     26     30     27     25     21     21     21     22     16     18     23
 1859 -0.375 -0.348 -0.447 -0.394 -0.468 -0.332 -0.390 -0.300 -0.609 -0.300 -0.257  0.008 -0.335
 1859     24     25     18     18     18     21     22     25     20     19     20     22
 1860 -0.155 -0.154 -0.385 -0.360 -0.408 -0.401 -0.305 -0.331 -0.252 -0.385 -0.288 -0.509 -0.311
 1860     27     19     23     21     24     20     20     19     18     18     19     18
 1861 -0.246 -0.497 -0.790 -0.371 -0.832 -0.433 -0.783 -0.346 -0.401 -0.571 -0.559 -0.342 -0.498
 1861     18     17     14     11     10     15     16     15     16     18     18     19
 1862 -0.508 -0.350 -0.215 -0.147 -0.097 -0.231 -0.350 -0.771 -0.533 -0.413 -0.472 -0.414 -0.360
 1862     16     16     15     16     19     17     17     17     20     18     15     14
 1863 -0.276 -0.124 -0.302 -0.204 -0.524 -0.474 -0.299 -0.350 -0.468 -0.211 -0.211 -0.425 -0.307
 1863     16     14     15     15     19     20     17     17     17     16     14     15
 1864 -0.714 -0.501 -0.433 -0.529 -0.344 -0.544 -0.424 -0.672 -0.509 -0.458 -0.140 -0.200 -0.441
 1864     16     16     14     14     16     17     18     21     15     16     17     17
 1865 -0.236 -0.227 -0.148 -0.112 -0.410 -0.494 -0.306 -0.145 -0.469 -0.304 -0.436 -0.291 -0.285
 1865     16     16     13     13     16     16     14     16     14     15     16     16
 1866 -0.227 -0.283 -0.546 -0.205 -0.271 -0.201 -0.025 -0.250 -0.400 -0.165 -0.217 -0.452 -0.258
 1866     17     14     12     14     14     15     16     14     14     13     14     16
 1867 -0.223 -0.450 -0.243 -0.097 -0.286 -0.352 -0.318 -0.416 -0.128 -0.210 -0.321 -0.473 -0.281
 1867     11     15     18     15     13     14     15     14     14     16     17     15
 1868 -0.488 -0.283 -0.074 -0.457 -0.367 -0.735 -0.428 -0.281 -0.204 -0.221 -0.252 -0.363 -0.335
 1868     17     15     18     15     18     19     22     22     26     24     25     21
 1869 -0.374 -0.158 -0.490 -0.252 -0.503 -0.562 -0.584 -0.417 -0.271 -0.344 -0.328 -0.401 -0.380
 1869     20     19     20     20     19     17     15     23     25     28     26     27
 1870 -0.216 -0.384 -0.363 -0.210 -0.444 -0.522 -0.135 -0.306 -0.390 -0.479 -0.275 -0.365 -0.332
 1870     30     28     25     24     22     25     27     24     24     21     22     24
 1871 -0.263 -0.125 -0.026 -0.273 -0.314 -0.291 -0.168 -0.377 -0.365 -0.516 -0.112 -0.306 -0.252
 1871     21     19     23     30     25     22     22     30     22     23     29     30
 1872 -0.302 -0.224 -0.383 -0.257 -0.202 -0.426 -0.265 -0.217 -0.345 -0.341 -0.023 -0.260 -0.262
 1872     31     24     22     26     28     27     23     28     27     26     23     32
 1873 -0.057 -0.108 -0.175 -0.317 -0.298 -0.407 -0.157 -0.280 -0.501 -0.476 -0.427 -0.540 -0.304
 1873     28     25     28     26     23     22     27     28     26     26     30     27
 1874 -0.337 -0.527 -0.380 -0.469 -0.490 -0.724 -0.168 -0.421 -0.414 -0.543 -0.375 -0.339 -0.428
 1874     27     25     28     29     22     23     23     24     25     31     27     28
 1875 -0.209 -0.135 -0.270 -0.241 -0.204 -0.351 -0.422 -0.250 -0.180 -0.347 -0.209 -0.389 -0.262
 1875     25     28     24     22     21     24     28     24     25     23     25     25
 1876 -0.261 -0.305 -0.321 -0.286 -0.408 -0.575 -0.484 -0.500 -0.714 -0.328 -0.439 -0.466 -0.423
 1876     25     27     27     19     24     30     29     24     19     26     26     29
 1877 -0.383  0.025 -0.104 -0.178 -0.507 -0.347 -0.309 -0.099 -0.071  0.134 -0.074 -0.077 -0.162
 1877     25     25     26     24     23     24     23     28     30     23     28     29
 1878  0.210  0.251  0.108  0.053 -0.209 -0.355 -0.181 -0.280 -0.244 -0.212 -0.308 -0.291 -0.120
 1878     28     25     24     25     24     23     26     29     29     26     29     31
 1879 -0.220 -0.224 -0.102 -0.167 -0.324 -0.295 -0.250 -0.086 -0.184 -0.230 -0.131 -0.253 -0.201
 1879     30     31     34     31     34     37     34     35     32     33     32     34
 1880 -0.234 -0.070  0.026 -0.176 -0.326 -0.467 -0.295 -0.167 -0.201 -0.278 -0.190 -0.146 -0.207
 1880     38     34     29     29     29     35     35     36     32     33     34     36
 1881 -0.154 -0.230 -0.053 -0.092 -0.105 -0.247 -0.166 -0.208 -0.312 -0.100 -0.102 -0.156 -0.161
 1881     33     31     33     33     29     29     34     38     32     33     37     39
 1882 -0.121  0.015 -0.050 -0.122 -0.274 -0.230 -0.086 -0.283 -0.146 -0.277 -0.153 -0.330 -0.170
 1882     37     34     38     40     34     35     36     39     36     35     33     36
 1883 -0.039 -0.072 -0.027 -0.373 -0.188 -0.177 -0.256 -0.305 -0.238 -0.312 -0.186 -0.431 -0.217
 1883     41     39     39     36     37     38     44     45     44     41     40     40
 1884 -0.337 -0.211 -0.399 -0.361 -0.411 -0.383 -0.408 -0.452 -0.214 -0.295 -0.308 -0.365 -0.343
 1884     41     43     41     45     43     46     44     47     43     46     44     45
 1885 -0.292 -0.265 -0.404 -0.472 -0.579 -0.519 -0.401 -0.703 -0.431 -0.429 -0.191 -0.270 -0.411
 1885     45     47     43     43     45     40     43     46     44     47     41     47
 1886 -0.473 -0.333 -0.368 -0.450 -0.168 -0.437 -0.413 -0.427 -0.499 -0.356 -0.341 -0.522 -0.399
 1886     46     48     47     43     40     47     45     47     40     43     45     48
 1887 -0.500 -0.509 -0.521 -0.444 -0.442 -0.553 -0.386 -0.425 -0.421 -0.515 -0.462 -0.575 -0.477
 1887     47     44     44     42     42     41     44     48     44     40     41     40
 1888 -0.580 -0.317 -0.427 -0.459 -0.393 -0.445 -0.484 -0.417 -0.288 -0.211 -0.170 -0.175 -0.363
 1888     42     44     41     43     39     38     42     45     42     42     41     45
 1889 -0.050 -0.063 -0.060 -0.143 -0.229 -0.303 -0.218 -0.303 -0.426 -0.368 -0.244 -0.239 -0.220
 1889     44     43     37     37     36     39     37     38     37     36     38     39
 1890 -0.327 -0.407 -0.539 -0.426 -0.437 -0.481 -0.473 -0.429 -0.542 -0.549 -0.467 -0.289 -0.446
 1890     42     33     33     40     39     37     36     40     35     30     34     36
 1891 -0.356 -0.367 -0.299 -0.296 -0.185 -0.391 -0.476 -0.441 -0.337 -0.359 -0.356 -0.367 -0.351
 1891     35     34     28     30     35     31     28     28     27     27     36     33
 1892 -0.372 -0.171 -0.281 -0.386 -0.311 -0.542 -0.610 -0.523 -0.391 -0.440 -0.304 -0.566 -0.407
 1892     31     35     31     30     31     28     27     29     27     24     27     24
 1893 -0.340 -0.238 -0.144 -0.557 -0.449 -0.578 -0.442 -0.312 -0.431 -0.350 -0.323 -0.289 -0.371
 1893     28     28     32     31     29     24     26     33     34     32     27     29
 1894 -0.244 -0.259 -0.383 -0.429 -0.481 -0.455 -0.400 -0.418 -0.503 -0.470 -0.374 -0.362 -0.397
 1894     32     31     30     31     31     29     30     35     30     31     29     36
 1895 -0.252 -0.343 -0.377 -0.464 -0.527 -0.391 -0.375 -0.245 -0.551 -0.553 -0.327 -0.374 -0.398
 1895     34     32     33     30     33     37     32     39     37     36     34     37
 1896 -0.178 -0.184 -0.203 -0.246 -0.330 -0.245 -0.220 -0.133 -0.292 -0.315 -0.060 -0.124 -0.211
 1896     38     35     39     33     29     34     34     34     32     34     37     36
 1897 -0.167 -0.073 -0.069 -0.163 -0.166 -0.259 -0.384 -0.286 -0.342 -0.450 -0.500 -0.500 -0.279
 1897     33     33     33     36     37     34     33     36     36     37     36     31
 1898 -0.322 -0.461 -0.541 -0.668 -0.572 -0.510 -0.581 -0.505 -0.566 -0.658 -0.530 -0.546 -0.537
 1898     35     36     30     34     36     39     34     33     32     36     38     37
 1899 -0.363 -0.333 -0.315 -0.441 -0.339 -0.341 -0.483 -0.240 -0.298 -0.416 -0.256 -0.452 -0.357
 1899     33     33     35     33     37     37     35     39     39     35     38     36
 1900 -0.234 -0.052 -0.372 -0.349 -0.412 -0.414 -0.298 -0.374 -0.371 -0.495 -0.397 -0.380 -0.345
 1900     39     33     32     30     34     31     30     33     32     34     36     37
 1901 -0.258 -0.338 -0.453 -0.415 -0.308 -0.407 -0.467 -0.428 -0.519 -0.478 -0.627 -0.501 -0.434
 1901     40     38     37     34     34     33     31     36     37     36     36     36
 1902 -0.435 -0.364 -0.402 -0.439 -0.444 -0.554 -0.406 -0.506 -0.500 -0.652 -0.616 -0.443 -0.480
 1902     41     40     39     37     42     39     41     41     37     40     40     39
 1903 -0.533 -0.424 -0.564 -0.584 -0.525 -0.656 -0.553 -0.665 -0.637 -0.767 -0.590 -0.588 -0.591
 1903     39     41     40     42     40     45     44     43     44     38     40     45
 1904 -0.576 -0.533 -0.575 -0.556 -0.591 -0.551 -0.581 -0.517 -0.513 -0.657 -0.564 -0.481 -0.559
 1904     40     42     43     35     40     43     41     44     40     43     42     46
 1905 -0.426 -0.505 -0.383 -0.490 -0.421 -0.491 -0.470 -0.410 -0.509 -0.443 -0.446 -0.295 -0.441
 1905     41     38     38     36     40     39     41     41     39     41     46     43
 1906 -0.166 -0.187 -0.314 -0.250 -0.550 -0.462 -0.468 -0.468 -0.480 -0.500 -0.414 -0.454 -0.393
 1906     43     45     42     42     42     48     42     45     40     35     39     43
 1907 -0.356 -0.423 -0.267 -0.350 -0.487 -0.562 -0.507 -0.397 -0.441 -0.479 -0.566 -0.634 -0.456
 1907     46     40     39     41     41     40     43     46     46     38     43     45
 1908 -0.565 -0.514 -0.501 -0.632 -0.529 -0.611 -0.564 -0.682 -0.627 -0.660 -0.615 -0.647 -0.596
 1908     37     41     45     44     41     40     41     42     36     42     43     48
 1909 -0.675 -0.573 -0.664 -0.581 -0.627 -0.648 -0.750 -0.474 -0.543 -0.673 -0.645 -0.676 -0.628
 1909     45     42     43     45     41     44     47     48     44     46     45     48
 1910 -0.571 -0.624 -0.549 -0.523 -0.601 -0.646 -0.594 -0.590 -0.665 -0.612 -0.710 -0.749 -0.619
 1910     48     46     40     40     47     43     41     44     45     47     46     44
 1911 -0.637 -0.784 -0.806 -0.806 -0.787 -0.792 -0.715 -0.727 -0.800 -0.638 -0.550 -0.347 -0.699
 1911     52     48     50     45     44     44     47     50     37     41     44     44
 1912 -0.325 -0.458 -0.304 -0.384 -0.549 -0.558 -0.479 -0.578 -0.546 -0.588 -0.501 -0.459 -0.477
 1912     43     44     44     49     46     45     48     46     44     44     41     44
 1913 -0.491 -0.337 -0.465 -0.431 -0.348 -0.423 -0.458 -0.461 -0.414 -0.473 -0.433 -0.532 -0.439
 1913     49     54     51     42     48     50     48     52     52     53     46     47
 1914 -0.326 -0.393 -0.381 -0.425 -0.429 -0.374 -0.441 -0.234 -0.331 -0.271 -0.029 -0.270 -0.326
 1914     47     48     49     48     46     47     44     44     26     27     29     29
 1915 -0.160 -0.229  0.001 -0.117 -0.172 -0.384 -0.395 -0.235 -0.388 -0.354 -0.309 -0.409 -0.264
 1915     28     26     27     30     28     26     26     25     27     30     28     35
 1916 -0.341 -0.205 -0.314 -0.354 -0.350 -0.525 -0.589 -0.407 -0.367 -0.415 -0.640 -0.403 -0.411
 1916     32     32     32     29     31     26     26     34     30     30     29     29
 1917 -0.748 -0.489 -0.713 -0.410 -0.478 -0.432  0.016 -0.085 -0.079 -0.311 -0.481 -0.359 -0.383
 1917     27     25     30     26     23     26     22     23     25     28     24     21
 1918 -0.396 -0.505 -0.346 -0.576 -0.213 -0.279 -0.213 -0.474 -0.192 -0.204  0.327 -0.182 -0.273
 1918     26     24     25     21     17     20     22     24     21     18     16     18
 1919 -0.033  0.214 -0.172 -0.157 -0.051 -0.333 -0.649 -0.399 -0.271 -0.388 -0.484 -0.376 -0.258
 1919     19     19     18     18     25     26     25     23     22     22     28     27
 1920 -0.296 -0.530 -0.063 -0.215 -0.210 -0.195 -0.467 -0.213 -0.025 -0.075 -0.059 -0.154 -0.209
 1920     25     29     27     23     32     23     27     29     24     30     29     33
 1921 -0.366 -0.225 -0.325 -0.444 -0.324 -0.233 -0.231 -0.339 -0.184 -0.154 -0.216 -0.260 -0.277
 1921     35     35     36     38     37     36     35     41     37     39     38     39
 1922 -0.406 -0.184 -0.336 -0.393 -0.643 -0.492 -0.227 -0.416 -0.357 -0.305 -0.403 -0.355 -0.378
 1922     38     45     45     41     40     44     45     47     47     40     46     44
 1923 -0.374 -0.316 -0.356 -0.184 -0.376 -0.295 -0.452 -0.427 -0.535 -0.499 -0.206 -0.116 -0.345
 1923     50     48     50     43     46     48     47     50     46     45     46     44
 1924 -0.297 -0.123 -0.290 -0.211 -0.324 -0.385 -0.435 -0.365 -0.497 -0.477 -0.547 -0.565 -0.375
 1924     46     51     46     43     48     43     47     49     47     41     45     45
 1925 -0.513 -0.390 -0.239 -0.436 -0.364 -0.310 -0.289 -0.275 -0.355 -0.383 -0.147 -0.191 -0.325
 1925     48     49     44     45     44     42     44     45     40     43     49     43
 1926 -0.207 -0.473 -0.155 -0.203 -0.215 -0.158 -0.414 -0.257 -0.320 -0.241 -0.339 -0.227 -0.269
 1926     48     48     46     42     45     46     46     42     46     48     47     44
 1927 -0.362 -0.231 -0.403 -0.280 -0.283 -0.381 -0.251 -0.282 -0.327 -0.343 -0.422 -0.421 -0.332
 1927     46     52     54     52     54     53     48     54     49     50     52     49
 1928 -0.246 -0.254 -0.395 -0.268 -0.398 -0.378 -0.276 -0.226 -0.427 -0.285 -0.276 -0.387 -0.318
 1928     46     48     46     50     52     47     49     50     47     47     48     48
 1929 -0.390 -0.463 -0.435 -0.356 -0.488 -0.396 -0.502 -0.363 -0.471 -0.443 -0.201 -0.431 -0.413
 1929     47     47     47     48     49     51     46     51     45     46     46     45
 1930 -0.476 -0.586 -0.292 -0.350 -0.201 -0.314 -0.308 -0.288 -0.291 -0.216 -0.166 -0.237 -0.314
 1930     45     46     43     44     49     43     43     49     41     46     45     46
 1931 -0.133 -0.144 -0.184 -0.218 -0.306 -0.284 -0.155 -0.319 -0.235 -0.319 -0.256 -0.257 -0.237
 1931     46     48     48     46     47     45     41     42     42     42     47     48
 1932 -0.207 -0.098 -0.061 -0.162 -0.238 -0.317 -0.215 -0.440 -0.193 -0.418 -0.296 -0.235 -0.243
 1932     48     49     49     48     49     45     44     42     45     47     44     50
 1933 -0.291 -0.275 -0.412 -0.358 -0.295 -0.380 -0.390 -0.310 -0.340 -0.348 -0.364 -0.472 -0.355
 1933     45     45     46     44     42     38     43     45     43     43     48     47
 1934 -0.332 -0.465 -0.435 -0.203 -0.301 -0.131 -0.201 -0.179 -0.132 -0.169 -0.076 -0.280 -0.244
 1934     49     46     51     46     45     38     43     43     44     47     48     50
 1935 -0.157 -0.306 -0.414 -0.185 -0.285 -0.231 -0.273 -0.340 -0.167 -0.289 -0.282 -0.376 -0.277
 1935     47     49     53     47     45     48     46     53     50     51     51     53
 1936 -0.357 -0.194 -0.410 -0.325 -0.326 -0.384 -0.314 -0.271 -0.336 -0.035 -0.195 -0.199 -0.281
 1936     57     57     58     54     52     53     50     56     55     53     52     54
 1937 -0.106 -0.062 -0.203 -0.141 -0.244 -0.213 -0.064 -0.132 -0.103 -0.105 -0.219 -0.135 -0.145
 1937     55     55     56     51     48     51     53     53     49     48     53     50
 1938 -0.139 -0.140 -0.136 -0.130 -0.270 -0.054 -0.161 -0.102 -0.128  0.012 -0.133 -0.297 -0.141
 1938     54     53     57     49     49     47     49     51     48     46     49     51
 1939 -0.160 -0.121 -0.161 -0.020 -0.143  0.105  0.054 -0.020 -0.143 -0.418 -0.252 -0.040 -0.109
 1939     52     53     53     48     47     44     42     39     26     23     27     31
 1940  0.152  0.058 -0.127  0.227  0.171 -0.137  0.120  0.063  0.112 -0.079 -0.235  0.093  0.035
 1940     29     26     26     22     30     30     31     35     28     27     28     26
 1941 -0.014 -0.154 -0.063  0.031 -0.081  0.073  0.042 -0.047 -0.171  0.149  0.088  0.311  0.016
 1941     29     31     34     30     27     33     35     38     30     34     35     18
 1942  0.199 -0.076  0.064 -0.075  0.076 -0.020 -0.062 -0.156 -0.157 -0.282 -0.348 -0.043 -0.075
 1942     29     36     39     30     29     28     27     29     28     24     31     28
 1943 -0.090 -0.150 -0.241 -0.221 -0.125  0.044  0.115  0.160 -0.120 -0.021  0.128  0.081 -0.038
 1943     26     31     31     25     26     26     22     28     26     23     22     25
 1944 -0.091 -0.087  0.231  0.232  0.184  0.345  0.369  0.265  0.115 -0.091 -0.082  0.031  0.116
 1944     29     31     30     28     24     25     24     24     22     20     22     22
 1945 -0.057  0.100  0.058  0.097 -0.120  0.064  0.058  0.371  0.131  0.237  0.022 -0.013  0.077
 1945     26     24     23     20     18     18     14     14     12     15     15     17
 1946  0.073 -0.123  0.127  0.053 -0.282 -0.396 -0.122 -0.329 -0.124  0.056 -0.343 -0.308 -0.142
 1946     21     25     26     33     35     27     39     42     33     33     34     44
 1947 -0.089 -0.233 -0.205  0.071 -0.102 -0.073  0.124 -0.108 -0.219 -0.241 -0.060 -0.233 -0.113
 1947     35     42     36     36     35     35     39     40     36     32     38     41
 1948 -0.272 -0.200  0.030 -0.112  0.047 -0.126 -0.241 -0.112 -0.220 -0.080 -0.109 -0.280 -0.136
 1948     38     46     40     43     38     35     43     43     34     36     38     38
 1949 -0.047 -0.112 -0.067  0.044 -0.054 -0.142 -0.031 -0.105  0.026 -0.179 -0.158 -0.136 -0.078
 1949     47     45     51     49     44     43     43     45     44     43     44     48
 1950 -0.221 -0.247 -0.240 -0.140 -0.038 -0.031  0.166  0.038 -0.090 -0.094 -0.319 -0.393 -0.133
 1950     51     50     54     44     46     40     45     48     46     43     46     53
 1951 -0.348 -0.289 -0.403 -0.158 -0.206  0.101 -0.013  0.017 -0.217 -0.063 -0.247 -0.184 -0.166
 1951     52     51     47     43     40     41     42     44     45     46     48     53
 1952  0.038  0.177 -0.001  0.070  0.013  0.034  0.061  0.038  0.032  0.003  0.111 -0.016  0.048
 1952     51     56     52     47     45     47     43     46     44     47     45     51
 1953 -0.052  0.087  0.005  0.158  0.201  0.175  0.065 -0.100 -0.033 -0.040 -0.102 -0.046  0.030
 1953     54     54     51     44     47     42     44     42     43     46     46     48
 1954 -0.211 -0.051 -0.060 -0.247 -0.204 -0.213 -0.290 -0.188 -0.221 -0.186 -0.155 -0.310 -0.191
 1954     48     47     50     45     48     45     43     50     45     45     45     51
 1955 -0.122 -0.250 -0.184 -0.221 -0.391 -0.317 -0.291 -0.273 -0.249 -0.377 -0.383 -0.385 -0.284
 1955     50     50     53     47     45     44     41     46     45     44     50     58
 1956 -0.293 -0.226 -0.267 -0.281 -0.199 -0.189 -0.190 -0.163 -0.146 -0.175 -0.091 -0.124 -0.195
 1956     57     59     59     50     46     49     46     45     48     51     54     59
 1957 -0.127 -0.060 -0.019 -0.033  0.174  0.090  0.097  0.018 -0.098 -0.109 -0.091 -0.132 -0.023
 1957     59     60     62     52     49     46     47     50     49     52     54     60
 1958 -0.020  0.022 -0.057 -0.092 -0.037 -0.102 -0.037 -0.006 -0.063 -0.066 -0.104 -0.026 -0.050
 1958     61     59     61     54     52     49     51     53     49     51     56     57
 1959 -0.053 -0.083 -0.048 -0.056  0.008 -0.068 -0.087  0.038 -0.048  0.001 -0.117 -0.138 -0.056
 1959     62     66     63     53     49     48     51     53     53     54     55     63
 1960 -0.130 -0.126 -0.108 -0.174 -0.068 -0.184 -0.104 -0.071  0.005 -0.118 -0.113 -0.030 -0.101
 1960     62     62     64     59     54     48     54     51     54     52     59     60
 1961 -0.035  0.106  0.053  0.045  0.058  0.144 -0.023 -0.008 -0.116 -0.072 -0.040 -0.126  0.000
 1961     64     65     64     57     54     53     53     56     54     57     63     63
 1962 -0.086 -0.040 -0.028 -0.046 -0.021 -0.019  0.022 -0.045 -0.077  0.017 -0.069 -0.123 -0.042
 1962     68     68     67     58     54     54     53     56     57     56     60     62
 1963 -0.146 -0.147 -0.109 -0.060  0.066 -0.018 -0.000 -0.003 -0.028 -0.093 -0.107 -0.117 -0.063
 1963     67     65     62     62     55     53     50     54     55     54     59     66
 1964 -0.256 -0.192 -0.219 -0.266 -0.280 -0.175 -0.265 -0.298 -0.307 -0.174 -0.377 -0.402 -0.268
 1964     70     68     66     61     55     55     54     56     59     59     62     67
 1965 -0.188 -0.168 -0.253 -0.167 -0.202 -0.182 -0.201 -0.156 -0.115 -0.202 -0.255 -0.190 -0.187
 1965     65     65     67     62     58     55     53     56     57     60     64     68
 1966 -0.194 -0.199 -0.203 -0.084 -0.206 -0.103 -0.044 -0.142 -0.150 -0.263 -0.221 -0.082 -0.156
 1966     70     68     66     60     60     56     55     54     59     58     60     62
 1967 -0.189 -0.194 -0.101 -0.247 -0.085 -0.122 -0.155 -0.218 -0.211 -0.276 -0.188 -0.317 -0.190
 1967     69     70     67     62     59     58     55     56     55     57     60     66
 1968 -0.252 -0.321 -0.262 -0.251 -0.318 -0.176 -0.210 -0.062 -0.084 -0.054 -0.051  0.082 -0.162
 1968     70     68     67     63     61     59     59     58     58     57     61     65
 1969  0.072  0.116  0.172  0.161  0.202  0.118 -0.044  0.091  0.034  0.080  0.062  0.111  0.098
 1969     73     70     64     64     60     57     59     59     60     59     64     69
 1970  0.144  0.026  0.010  0.019 -0.027 -0.104 -0.069 -0.109 -0.092 -0.012  0.023 -0.059 -0.021
 1970     74     69     71     65     62     60     60     58     59     60     63     70
 1971 -0.130 -0.190 -0.195 -0.150 -0.132 -0.164 -0.089 -0.161 -0.080 -0.112 -0.075 -0.281 -0.147
 1971     70     73     69     65     57     59     62     60     62     64     63     71
 1972  0.016  0.052  0.036 -0.015  0.012  0.032  0.018  0.106  0.090  0.085  0.221  0.357  0.085
 1972     74     75     71     66     59     59     61     58     61     65     66     71
 1973  0.206  0.160  0.200  0.146  0.080  0.100  0.096  0.112  0.076  0.058 -0.005 -0.056  0.097
 1973     74     74     70     64     63     64     63     64     59     63     68     71
 1974 -0.193 -0.252 -0.218 -0.100 -0.054 -0.039 -0.106 -0.010  0.050 -0.068 -0.036 -0.107 -0.094
 1974     76     75     72     64     62     59     59     60     60     62     64     71
 1975 -0.219 -0.136 -0.096 -0.101 -0.070 -0.002 -0.072 -0.102 -0.127 -0.094 -0.236 -0.287 -0.129
 1975     69     72     66     65     63     61     58     61     62     59     63     68
 1976 -0.298 -0.247 -0.229 -0.188 -0.254 -0.184 -0.037 -0.108 -0.098 -0.052  0.061  0.158 -0.123
 1976     68     69     67     64     61     59     57     60     58     61     63     67
 1977  0.255  0.188  0.101  0.068  0.097  0.050  0.058 -0.055 -0.026 -0.003 -0.002 -0.116  0.051
 1977     71     71     69     66     61     62     59     64     62     62     66     71
 1978 -0.027 -0.063 -0.017 -0.108 -0.015 -0.051 -0.043 -0.113  0.009 -0.157  0.005 -0.021 -0.050
 1978     72     72     72     66     64     59     60     60     59     61     62     72
 1979  0.024  0.021  0.065  0.124  0.019  0.075  0.123  0.114  0.088  0.118  0.213  0.213  0.099
 1979     79     78     76     75     76     73     72     70     68     69     72     76
 1980  0.168  0.233  0.287  0.161  0.069  0.048  0.049 -0.011 -0.011 -0.012  0.090  0.035  0.091
 1980     77     77     75     72     67     67     64     65     62     64     68     75
 1981  0.047 -0.037  0.027 -0.028  0.035  0.123  0.110  0.066  0.083 -0.055 -0.015  0.115  0.039
 1981     76     75     77     70     65     63     62     64     62     66     70     72
 1982  0.053 -0.079 -0.082 -0.037  0.018 -0.079 -0.022  0.010  0.116  0.096  0.055  0.146  0.016
 1982     76     79     79     71     65     63     63     62     62     64     68     72
 1983  0.269  0.265  0.180  0.211  0.170  0.215  0.132  0.182  0.116  0.125  0.149  0.124  0.178
 1983     77     80     77     72     66     64     64     66     65     66     68     72
 1984  0.143  0.143  0.058  0.058  0.007  0.076 -0.061  0.094  0.202  0.030  0.078  0.103  0.077
 1984     80     80     76     70     66     66     62     68     66     67     71     72
 1985  0.131  0.163  0.135  0.064  0.093 -0.013  0.103  0.086  0.038  0.119 -0.072  0.076  0.076
 1985     76     77     76     73     70     67     72     69     68     71     70     79
 1986 -0.001  0.084  0.075 -0.004 -0.049 -0.014  0.060  0.009  0.063  0.156  0.072  0.027  0.039
 1986     77     79     77     77     70     69     68     70     68     71     72     75
 1987  0.106  0.141  0.157  0.127  0.134  0.089  0.256  0.239  0.247  0.196  0.255  0.177  0.177
 1987     79     81     77     73     70     70     71     71     69     69     72     78
 1988  0.253  0.280  0.210  0.174  0.217  0.154  0.089  0.129  0.129  0.086  0.042 -0.012  0.145
 1988     78     81     78     76     69     70     66     69     69     68     71     73
 1989  0.097  0.068  0.099  0.034  0.034  0.002  0.117  0.187  0.123  0.082  0.111  0.126  0.090
 1989     76     79     77     73     69     67     66     65     66     69     70     74
 1990  0.122  0.228  0.157  0.221  0.172  0.182  0.161  0.138  0.049  0.163  0.077  0.092  0.146
 1990     74     76     74     73     72     67     65     66     64     66     68     71
 1991  0.091  0.092  0.186  0.230  0.288  0.064  0.188  0.197  0.191  0.097  0.065  0.082  0.148
 1991     71     75     73     69     67     67     66     66     64     64     68     71
 1992  0.162  0.137  0.150  0.172  0.188  0.156  0.126  0.130  0.110  0.029  0.030  0.018  0.118
 1992     74     74     74     68     68     64     61     64     64     65     69     72
 1993  0.218  0.093  0.182  0.058  0.129  0.163  0.092  0.136  0.221  0.129  0.175  0.020  0.135
 1993     73     73     74     70     63     64     64     65     63     65     67     70
 1994  0.080  0.008  0.147  0.032  0.198  0.122  0.131  0.075 -0.003  0.076  0.138  0.111  0.092
 1994     72     72     71     67     65     63     63     65     65     67     67     70
 1995  0.147  0.206  0.212  0.117  0.157  0.116  0.248  0.141  0.081  0.118  0.154 -0.007  0.140
 1995     71     73     73     71     68     67     69     68     68     69     69     71
 1996  0.111  0.277  0.289  0.262  0.160  0.037  0.157  0.128  0.071  0.121  0.156  0.217  0.164
 1996     75     74     73     70     68     70     67     67     68     68     68     71
 1997  0.104  0.137  0.240  0.143  0.186  0.268  0.270  0.326  0.380  0.423  0.462  0.456  0.281
 1997     74     74     72     70     69     68     67     68     67     66     68     71
 1998  0.350  0.416  0.491  0.488  0.498  0.458  0.507  0.412  0.243  0.256  0.313  0.302  0.394
 1998     72     72     71     68     69     66     66     66     63     65     66     70
 1999  0.160  0.260  0.336  0.305  0.186  0.227  0.221  0.133  0.232  0.094  0.231  0.189  0.213
 1999     71     70     68     66     66     63     64     66     64     67     67     70
 2000  0.226  0.235  0.188  0.258  0.110  0.189  0.173  0.201  0.238  0.215  0.266  0.183  0.204
 2000     73     73     69     67     64     64     61     64     62     64     65     69
 2001  0.253  0.308  0.436  0.388  0.234  0.357  0.323  0.340  0.349  0.299  0.380  0.271  0.327
 2001     70     72     70     67     66     66     65     66     64     66     67     70
 2002  0.444  0.375  0.527  0.373  0.361  0.350  0.316  0.355  0.266  0.337  0.216  0.319  0.350
 2002     71     74     73     69     67     67     65     66     65     67     70     71
 2003  0.341  0.426  0.429  0.365  0.310  0.325  0.338  0.329  0.272  0.304  0.264  0.219  0.323
 2003     70     72     72     71     69     68     69     69     68     68     70     75
 2004  0.284  0.332  0.270  0.290  0.256  0.165  0.211  0.235  0.240  0.214  0.222  0.217  0.243
 2004     72     75     74     72     71     72     71     72     70     72     74     76
 2005  0.306  0.296  0.401  0.347  0.269  0.267  0.294  0.363  0.265  0.309  0.256  0.287  0.303
 2005     77     76     72     69     68     68     68     69     70     69     70     73
 2006  0.331  0.407  0.352  0.341  0.343  0.258  0.287  0.310  0.218  0.172  0.213  0.285  0.290
 2006     75     75     75     73     70     72     71     71     71     72     71     75
 2007  0.318  0.330  0.253  0.242  0.241  0.286  0.297  0.174  0.208  0.171  0.124  0.055  0.224
 2007     73     73     74     72     71     70     71     72     71     71     73     75
 2008  0.087  0.135  0.171  0.175  0.205  0.156  0.217  0.275  0.235  0.214  0.174  0.258  0.190
 2008     74     78     78     75     73     74     73     72     71     72     73     74
 2009  0.334  0.282  0.302  0.380  0.389  0.413  0.380  0.381  0.288  0.319  0.396  0.483  0.361
 2009     74     75     75     73     72     71     70     72     70     71     73     76
 2010  0.446  0.443  0.469  0.475  0.413  0.347  0.369  0.323  0.249  0.281  0.245  0.296  0.362
 2010     75     76     75     75     73     74     74     75     73     73     73     76
 2011  0.308  0.340  0.374  0.327  0.308  0.322  0.315  0.274  0.201  0.170  0.244  0.160  0.278
 2011     76     74     74     73     72     71     69     70     70     72     71     74
 2012  0.152  0.288  0.293  0.324  0.330  0.306  0.250  0.296  0.276  0.355  0.324  0.270  0.287
 2012     74     74     72     69     66     66     66     69     68     69     70     71
 2013  0.283  0.286  0.297  0.349  0.343  0.197  0.326  0.351  0.311  0.259  0.353  0.303  0.303
 2013     72     72     70     65     62     62     62     62     61     62     65     68
 2014  0.334  0.265  0.363  0.471  0.379  0.362  0.276  0.377  0.254  0.309  0.314  0.337  0.335
 2014     69     70     65     68     62     65     66     68     65     68     70     72
 2015  0.380  0.315  0.389  0.487  0.456  0.397  0.464  0.373  0.452  0.444  0.439  0.505  0.425
 2015     74     72     74     69     70     70     70     70     70     71     72     73
 2016  0.623  0.556  0.710  0.633  0.421  0.426  0.454  0.437  0.405  0.430  0.393  0.358  0.486
 2016     74     76     74     73     71     71     70     71     71     72     73     71
 2017  0.428  0.557  0.581  0.533  0.496  0.354  0.310  0.394  0.213  0.291  0.250  0.247  0.385
 2017     75     75     72     67     67     66     64     66     65     65     67     67
 2018  0.338  0.267  0.357  0.401  0.382  0.306  0.333  0.392  0.311  0.371  0.460  0.429  0.361
 2018     75     77     76     74     71     71     70     72     69     70     71     71
 2019  0.461  0.471  0.567  0.550  0.435  0.344  0.371  0.375  0.252  0.351  0.000  0.000  0.416
 2019     74     73     74     72     72     71     70     70     68     68      0      0
