 1850 -3.061  0.579 -1.313 -1.367 -1.061  0.295  0.405  0.744 -0.487 -1.285 -0.380 -0.269 -0.600
 1850      6      6      6      6      6      6      6      6      6      6      6      6
 1851  0.288 -0.384 -1.459 -0.677 -0.259 -0.065 -0.140  0.255  0.330  0.370 -0.509 -0.323 -0.214
 1851      6      6      6      6      6      6      6      6      6      6      6      6
 1852 -0.274 -0.447 -1.348 -2.013 -0.018  0.065  0.098  0.084 -0.179 -0.563 -0.830  1.118 -0.359
 1852      6      6      6      6      6      6      6      6      6      6      6      6
 1853  0.775 -0.967 -1.609 -1.249 -0.285  0.006  0.431  0.358 -0.559 -0.041 -0.899 -1.835 -0.489
 1853      6      6      6      6      6      6      6      6      6      6      6      6
 1854 -1.141 -0.369 -0.191 -1.066  0.281 -0.447  0.585  0.450  0.023  0.649 -0.832  0.425 -0.136
 1854      6      6      6      6      6      6      6      6      6      6      6      6
 1855 -0.448 -2.187 -1.239  0.220  0.214 -0.051  0.219  0.016 -0.556 -0.035 -0.918 -2.604 -0.614
 1855      6      7      6      6      6      7      6      7      6      6      7      7
 1856 -0.101 -0.868 -2.120 -0.450 -0.597  0.470 -0.154 -0.391 -0.795 -0.792 -1.948 -0.240 -0.665
 1856      7      7      7      7      7      7      7      7      7      6      6      6
 1857 -1.361  0.007 -0.875 -1.755 -1.051 -0.321 -0.194  0.198 -0.514 -0.396 -1.135  0.854 -0.545
 1857      6      7      6      7      7      7      7      7      7      7      7      7
 1858 -0.083 -1.960 -1.083 -0.308 -0.236  0.543  0.365 -0.178 -0.049  0.372 -2.327 -0.156 -0.425
 1858      7      7      7      7      7      7      7      7      7      7      7      7
 1859  0.226  0.838  0.338  0.026  0.285  0.083  0.449  0.329 -0.305 -0.315 -0.192 -1.521  0.020
 1859      7      7      7      7      7      7      7      7      7      7      7      7
 1860  0.139 -1.422 -2.207 -0.485 -0.036  0.201 -0.195 -0.092 -0.201 -0.390 -1.677 -2.393 -0.730
 1860      7      7      7      7      6      6      7      7      7      7      7      7
 1861 -2.743  0.398  0.052 -1.223 -1.118  0.215  0.272  0.313 -0.301 -0.205 -0.577 -0.265 -0.432
 1861      7      7      6      6      6      6      6      6      6      6      6      6
 1862 -1.746 -1.856 -0.791 -0.187 -0.117 -0.528 -0.360 -0.536 -0.259 -0.441 -1.472 -1.696 -0.832
 1862      6      6      6      6      6      6      6      6      6      6      6      6
 1863  1.877  0.915 -0.078 -0.258  0.082 -0.297 -0.402  0.126  0.045 -0.460 -0.015 -0.319  0.101
 1863      6      6      6      6      6      6      6      6      6      6      6      6
 1864 -1.757 -0.453 -0.327 -0.878 -0.914  0.444  0.001 -0.277 -0.450 -1.678 -1.886 -1.894 -0.839
 1864      6      7      7      7      7      7      7      7      7      7      7      7
 1865  0.371 -1.813 -2.104 -0.308  0.208 -0.334  0.398 -0.189  0.511 -0.477  0.167 -0.602 -0.348
 1865      7      7      7      7      7      7      7      7      7      7      7      7
 1866  1.157 -0.536 -0.982 -0.124 -1.088  0.275  0.186 -0.503  0.145 -1.086 -0.577 -0.213 -0.279
 1866      7      7      8      7      8      7      7      7      7      7      7      7
 1867 -0.798  0.943 -2.511 -0.541 -1.683 -0.376 -0.431 -0.132 -0.031 -0.171 -0.877 -1.241 -0.654
 1867      7      7      7      7      7      7      7      7      7      7      7      8
 1868 -1.417 -0.847 -0.170 -0.706  0.280  0.281  0.776  0.374 -0.361 -0.244 -1.459  0.045 -0.287
 1868      8      8      8      8      8      8      8      8      8      8      8      8
 1869 -0.119  1.562 -1.424 -0.335 -0.359 -0.394  0.067  0.350  0.044 -1.073 -0.784 -0.641 -0.259
 1869      8      8      8      8      8      8      8      8      8      8      8      8
 1870  0.249 -1.667 -1.289 -0.339  0.382  0.246  0.540 -0.442 -0.242 -0.701  0.157 -2.421 -0.460
 1870      8      8      8      8      8      8      8      8      8      8      8      8
 1871 -1.503 -1.703  0.343 -0.135 -0.882 -0.430  0.204  0.258 -0.618 -0.538 -1.507 -1.781 -0.691
 1871      8      8      9      9      9      9      9      9      9      9      9      9
 1872 -0.207 -0.669 -0.731  0.300  0.431  0.027  0.088  0.085 -0.057 -0.158 -0.699 -0.985 -0.215
 1872      9      9      9      9      9      9      9      9      9      9      9      9
 1873  0.159 -0.649 -0.450 -1.152 -0.857  0.130  0.232  0.126 -0.609 -0.564 -0.887  0.088 -0.369
 1873     10     10     10     10     10     10     10     10     10     10     10     10
 1874  0.775 -0.204 -0.986 -0.736 -0.634 -0.065  0.102 -0.198  0.198  0.056 -0.705 -0.359 -0.230
 1874     10     10     11     10     10     11     10     10     11     11     11     11
 1875 -1.572 -2.022 -1.807 -1.235 -0.058  0.275 -0.149 -0.133 -0.625 -0.933 -1.500 -0.989 -0.896
 1875     12     12     12     12     12     12     12     12     12     12     12     12
 1876 -0.172 -0.150 -0.781 -0.306 -0.950  0.358  0.268  0.174 -0.235 -0.503 -1.457 -2.084 -0.487
 1876     12     12     12     12     13     12     12     12     12     13     13     13
 1877 -0.368 -0.098 -0.917 -1.009 -0.879  0.105  0.202  0.296 -0.273 -0.672  0.197  0.347 -0.256
 1877     12     12     13     13     13     12     12     12     12     12     12     12
 1878 -0.366  0.923  0.906  0.566 -0.307  0.441  0.128  0.286  0.307  0.268 -0.122 -1.074  0.163
 1878     13     13     13     13     13     13     13     13     13     13     13     13
 1879 -0.494 -0.210 -0.213 -0.465 -0.263 -0.329 -0.215 -0.240 -0.326  0.104 -1.134 -1.496 -0.440
 1879     14     14     14     14     14     14     14     14     14     14     14     14
 1880  0.318 -0.337 -0.617 -0.272 -0.008 -0.189 -0.139 -0.063 -0.126 -0.972 -1.499 -0.975 -0.407
 1880     14     14     14     14     14     14     14     15     15     15     15     15
 1881 -1.401 -0.756 -0.866 -0.512 -0.039 -0.426  0.049  0.107 -0.107 -0.693 -0.739 -0.015 -0.450
 1881     15     15     15     15     15     15     15     15     15     15     15     15
 1882  1.010  0.365  0.284 -0.653 -0.759 -0.506 -0.376 -0.065 -0.228 -0.573 -1.046 -1.130 -0.306
 1882     16     16     16     16     16     16     16     16     16     16     16     16
 1883 -1.383 -1.108 -1.415 -0.740 -0.507 -0.052 -0.195 -0.346 -0.340 -0.416 -0.668 -0.370 -0.628
 1883     16     16     16     16     16     16     16     17     17     16     16     16
 1884 -0.551 -0.445 -1.041 -1.223 -0.846 -0.747 -0.604 -0.679 -0.567 -0.560 -1.367 -0.686 -0.776
 1884     17     17     17     17     17     17     17     17     17     17     17     17
 1885 -1.598 -0.844 -0.951 -0.755 -0.988 -0.598 -0.175 -0.684 -0.581 -0.845 -0.790 -0.083 -0.741
 1885     17     17     17     17     17     17     17     17     17     17     17     17
 1886 -1.242 -1.427 -1.209 -0.357 -0.266 -0.450 -0.114 -0.203 -0.201 -0.334 -0.669 -0.227 -0.558
 1886     18     18     18     18     18     18     18     18     18     18     18     18
 1887 -1.099 -0.830 -0.614 -0.655 -0.045 -0.364 -0.107 -0.529 -0.024 -0.964 -0.509 -0.663 -0.534
 1887     18     18     18     19     18     18     19     19     19     19     19     19
 1888 -1.395 -1.158 -1.543 -0.217 -0.567 -0.400 -0.315 -0.416 -0.266 -0.402 -0.724 -0.576 -0.665
 1888     19     19     19     19     19     19     19     19     19     19     19     19
 1889 -0.717 -0.650 -0.492  0.116  0.224  0.062 -0.145 -0.120 -0.501 -0.407 -0.946 -0.008 -0.299
 1889     19     19     19     19     19     19     19     19     19     20     20     20
 1890 -0.105 -0.252 -0.523 -0.088 -0.395 -0.231 -0.106 -0.139 -0.133 -0.415 -0.805 -0.699 -0.324
 1890     20     20     20     20     20     21     21     21     20     21     21     21
 1891 -0.930 -0.935 -0.760 -0.696 -0.459 -0.377 -0.240 -0.268  0.089 -0.421 -1.205  0.515 -0.474
 1891     21     21     21     21     21     21     21     21     21     21     21     21
 1892 -0.806 -0.031 -1.283 -0.753 -0.550 -0.132 -0.277 -0.238  0.064 -0.299 -1.045 -1.607 -0.580
 1892     21     21     21     21     21     21     21     21     21     21     21     21
 1893 -2.712 -1.886 -0.707 -0.611 -0.782 -0.196 -0.052 -0.167 -0.190 -0.106 -0.532 -0.312 -0.688
 1893     21     21     22     21     21     21     21     22     22     22     22     22
 1894 -0.697 -0.222 -0.015 -0.207 -0.185 -0.309 -0.057 -0.100 -0.430 -0.340 -0.584 -0.386 -0.295
 1894     22     22     22     22     22     22     22     22     22     22     22     22
 1895 -1.253 -1.795 -0.804 -0.233 -0.224 -0.289 -0.313 -0.283  0.125 -0.367 -0.358 -0.364 -0.513
 1895     22     22     22     22     22     22     22     22     22     22     23     23
 1896 -0.353 -0.292 -1.024 -0.819 -0.088  0.176  0.011 -0.126 -0.145  0.009 -1.191 -0.274 -0.343
 1896     22     22     22     22     22     22     22     23     23     23     23     23
 1897 -0.616 -0.343 -0.974 -0.185  0.250 -0.095  0.138  0.095  0.290 -0.087 -0.720 -0.847 -0.258
 1897     23     23     23     23     23     23     23     23     23     23     24     23
 1898  0.501 -0.439 -1.736 -0.652 -0.331 -0.157 -0.134  0.095  0.004 -0.515 -0.385 -0.031 -0.315
 1898     23     23     24     24     24     24     24     24     24     24     24     24
 1899  0.234 -0.914 -1.103 -0.262 -0.328 -0.415 -0.057 -0.085  0.132  0.085  0.672 -0.978 -0.252
 1899     24     24     24     24     24     24     24     24     24     24     24     24
 1900 -0.627 -0.736 -0.511 -0.449 -0.110 -0.020 -0.165  0.068 -0.081  0.546 -0.326  0.386 -0.169
 1900     25     25     24     24     24     24     24     24     24     24     24     24
 1901 -0.139 -0.662  0.089  0.204 -0.094  0.242  0.332  0.175 -0.195 -0.104 -0.526 -0.590 -0.106
 1901     25     25     25     24     25     24     25     25     24     25     24     25
 1902  0.364  0.025 -0.318 -0.686 -0.592 -0.401 -0.457 -0.203 -0.426 -0.552 -0.877 -1.102 -0.435
 1902     25     26     25     26     26     26     25     25     26     26     25     26
 1903  0.008  0.359 -0.216 -0.493 -0.576 -0.582 -0.497 -0.402 -0.373 -0.462 -0.649 -0.748 -0.386
 1903     26     26     26     26     26     26     26     26     26     26     26     26
 1904 -0.809 -0.484 -0.909 -0.712 -0.435 -0.484 -0.544 -0.324 -0.506 -0.198 -0.183 -0.370 -0.496
 1904     26     26     26     26     26     26     26     26     26     26     26     26
 1905 -0.559 -1.545 -0.627 -0.922 -0.354 -0.112 -0.097 -0.112  0.043 -0.330  0.250  0.158 -0.351
 1905     27     27     27     27     27     27     27     26     27     27     27     27
 1906  0.092 -0.648 -0.626  0.157  0.051  0.080 -0.104 -0.027 -0.135 -0.083 -0.410  0.146 -0.126
 1906     27     27     27     27     27     27     27     27     27     27     27     27
 1907 -0.616 -0.966 -0.558 -1.014 -1.010 -0.726 -0.397 -0.451 -0.271  0.043 -0.850 -0.483 -0.608
 1907     28     28     28     28     28     28     28     28     27     27     28     28
 1908 -0.158 -0.313 -1.059 -0.514 -0.362 -0.201 -0.310 -0.407 -0.083 -0.426 -0.902 -0.451 -0.432
 1908     27     28     28     28     28     28     28     28     28     28     28     28
 1909 -0.687 -0.515 -1.023 -0.894 -0.693 -0.402 -0.346  0.002  0.067  0.030  0.267 -0.541 -0.395
 1909     28     28     29     29     28     29     28     29     29     28     28     28
 1910  0.135 -0.320 -0.087 -0.181 -0.308 -0.337 -0.112 -0.259 -0.301 -0.187 -0.792 -0.715 -0.289
 1910     28     28     28     28     28     28     29     28     28     28     28     28
 1911 -0.607 -0.975 -0.887 -0.666 -0.294 -0.103 -0.127 -0.077 -0.026 -0.295 -0.160 -0.003 -0.352
 1911     29     29     29     29     29     29     29     29     29     29     29     29
 1912 -0.650 -0.081 -0.806 -0.484 -0.244 -0.012 -0.577 -0.798 -0.863 -1.096 -0.680 -0.354 -0.554
 1912     29     29     29     29     29     30     29     29     29     29     29     29
 1913 -0.201 -0.878 -0.634 -0.257 -0.728 -0.603 -0.505 -0.113 -0.242 -0.414  0.331  0.433 -0.318
 1913     29     29     29     29     29     29     29     29     29     29     29     29
 1914  0.776  0.250 -0.168 -0.489 -0.093 -0.160 -0.128 -0.144 -0.217 -0.015 -0.456 -0.408 -0.104
 1914     29     29     29     29     29     29     29     29     29     29     29     29
 1915  0.072  0.302 -0.895  0.096 -0.214 -0.141 -0.142 -0.150 -0.143 -0.245  0.021  0.012 -0.119
 1915     28     28     28     28     29     28     28     28     29     28     28     28
 1916  0.215 -0.094 -0.937 -0.338 -0.453 -0.545 -0.021 -0.177 -0.481 -0.336 -0.253 -1.025 -0.370
 1916     29     29     29     29     29     29     29     29     29     29     29     29
 1917 -0.651 -1.373 -1.463 -0.689 -1.112 -0.350 -0.090 -0.073 -0.026 -0.608 -0.115 -1.597 -0.679
 1917     29     29     29     29     30     30     30     30     30     29     30     30
 1918 -0.774 -0.447 -0.404 -0.697 -0.747 -0.509 -0.255 -0.287 -0.149  0.338 -0.305 -0.473 -0.392
 1918     29     30     29     29     29     29     29     29     29     29     29     29
 1919 -0.075 -0.340 -0.751 -0.235 -0.596 -0.212 -0.156  0.001  0.159 -0.204 -1.045 -0.838 -0.358
 1919     29     29     28     28     28     28     28     28     28     28     28     28
 1920 -0.001 -0.555  0.073 -0.321 -0.076 -0.224  0.023 -0.056 -0.012 -0.332 -0.719 -0.666 -0.239
 1920     28     28     29     28     28     29     29     28     28     29     28     28
 1921  0.701 -0.060  0.180  0.181 -0.003  0.130  0.148 -0.176 -0.167 -0.050 -0.757 -0.037  0.007
 1921     30     30     29     29     29     29     29     29     30     30     30     30
 1922 -0.655 -0.615 -0.345 -0.198  0.043  0.007 -0.162 -0.105 -0.174 -0.210 -0.203 -0.161 -0.231
 1922     30     30     30     30     30     30     30     30     30     31     30     30
 1923  0.204 -0.945 -0.558 -1.025 -0.428 -0.333 -0.212 -0.288 -0.020  0.278  0.401  0.353 -0.215
 1923     31     31     31     31     32     31     31     32     32     32     32     32
 1924 -0.508 -0.480 -0.557 -0.537 -0.278 -0.131 -0.179 -0.055  0.012 -0.006  0.093 -0.552 -0.265
 1924     32     32     32     32     32     32     32     32     32     33     33     33
 1925 -0.150  0.047 -0.234 -0.072 -0.228 -0.212 -0.142  0.052  0.139 -0.419 -0.014  0.237 -0.083
 1925     33     33     33     33     33     33     33     33     33     33     33     33
 1926  0.679  0.522  0.004 -0.498 -0.316 -0.176 -0.237 -0.044  0.020 -0.084  0.155 -0.485 -0.038
 1926     33     33     33     33     33     33     33     34     34     33     34     33
 1927 -0.348 -0.132 -0.553 -0.430 -0.338 -0.109  0.192 -0.000  0.196  0.412 -0.054 -1.035 -0.183
 1927     34     34     34     34     34     34     33     34     33     33     34     34
 1928  0.351  0.029 -0.761 -0.555 -0.141 -0.495 -0.011 -0.156 -0.080 -0.025  0.102  0.010 -0.144
 1928     34     34     34     34     34     34     34     34     34     34     34     34
 1929 -0.999 -2.004 -0.457 -0.729 -0.240 -0.405 -0.267 -0.018 -0.173  0.123  0.083 -0.929 -0.501
 1929     35     34     35     34     35     35     34     35     35     35     35     35
 1930 -0.376 -0.150  0.049 -0.124 -0.279 -0.164  0.127  0.366 -0.054 -0.022  0.264 -0.046 -0.034
 1930     34     34     35     35     35     35     35     35     34     34     34     35
 1931  0.126 -0.694 -0.377 -0.356 -0.243  0.195  0.279  0.283  0.212  0.425  0.230  0.191  0.023
 1931     35     35     35     35     35     35     35     35     35     35     35     35
 1932  1.138 -0.618 -0.958  0.053 -0.200 -0.104 -0.062  0.193  0.247  0.198 -0.443 -0.124 -0.057
 1932     35     35     35     35     35     36     35     36     35     35     35     35
 1933 -0.662 -0.881 -0.852 -0.439 -0.310 -0.259  0.219  0.096  0.000 -0.060 -0.273 -0.942 -0.364
 1933     36     36     36     37     37     37     37     37     37     37     37     37
 1934 -0.018  0.510 -0.593 -0.361  0.324 -0.012  0.041  0.017 -0.124  0.277  0.525  0.336  0.077
 1934     37     37     37     37     37     37     37     37     36     37     37     37
 1935 -0.548  1.161 -0.090 -0.570 -0.528 -0.117  0.057  0.126  0.056  0.377 -0.727 -0.467 -0.106
 1935     37     37     37     37     37     37     37     37     37     37     37     37
 1936 -0.448 -1.223 -0.533 -0.344 -0.061  0.141  0.325  0.160  0.137  0.120  0.198  0.467 -0.088
 1936     38     38     38     38     38     38     38     38     39     38     39     39
 1937 -0.117  0.319 -0.942 -0.263  0.110  0.225  0.235  0.374  0.492  0.531  0.104 -0.445  0.052
 1937     39     39     39     39     39     39     39     39     39     39     39     38
 1938  0.351  0.340  0.449  0.497 -0.044 -0.072  0.173  0.429  0.420  0.583  0.552 -0.605  0.256
 1938     39     39     39     39     39     40     39     39     40     40     40     40
 1939  0.125  0.221 -0.569 -0.126 -0.010  0.100  0.186  0.316  0.080 -0.205  0.246  1.241  0.134
 1939     40     40     40     40     40     40     40     40     40     40     40     40
 1940 -1.108 -0.085 -0.294  0.180 -0.109  0.078  0.145  0.014  0.227  0.035  0.091  0.290 -0.045
 1940     40     40     40     40     40     40     40     40     40     40     40     40
 1941 -0.105  0.242 -0.404 -0.083 -0.004  0.180  0.210  0.097 -0.092  0.296 -0.276 -0.287 -0.019
 1941     41     42     42     42     42     42     42     41     41     42     41     41
 1942 -0.031 -0.681 -0.429 -0.155 -0.116  0.161  0.005 -0.119  0.105  0.305  0.131  0.121 -0.059
 1942     42     42     42     42     41     41     41     42     42     42     42     41
 1943 -0.558  0.469 -0.335  0.314  0.282 -0.173  0.041  0.137  0.161  0.508  0.158  0.498  0.125
 1943     42     42     42     42     42     42     41     41     42     41     42     42
 1944  1.022  0.507  0.108 -0.128  0.178  0.004  0.064  0.137  0.412  0.397 -0.139 -0.665  0.158
 1944     41     41     41     41     41     41     41     41     41     41     41     41
 1945 -0.454 -0.695 -0.287  0.252 -0.190 -0.085 -0.133  0.371  0.216  0.218 -0.080 -0.878 -0.145
 1945     41     41     41     41     41     41     41     41     41     41     41     41
 1946  0.353  0.259 -0.265  0.470 -0.153 -0.121  0.021  0.031  0.094 -0.059  0.086 -0.776 -0.005
 1946     43     43     43     43     43     43     43     43     43     43     43     43
 1947 -0.475 -0.543  0.077  0.299 -0.037 -0.085  0.009  0.163  0.251  0.725  0.207 -0.162  0.036
 1947     44     44     44     44     44     44     44     44     43     44     44     44
 1948  0.750 -0.032 -0.357  0.139  0.318  0.174 -0.042  0.115  0.105  0.239  0.206 -0.275  0.111
 1948     44     44     44     44     44     44     44     44     44     45     45     45
 1949  0.619 -0.217 -0.406  0.079  0.061 -0.188 -0.213  0.033 -0.002  0.306  0.081 -0.408 -0.021
 1949     45     45     45     45     45     45     45     45     45     45     45     45
 1950 -0.687 -0.422 -0.204 -0.313 -0.098 -0.092 -0.298 -0.255 -0.081 -0.024 -0.752 -0.306 -0.294
 1950     47     47     47     47     46     46     46     47     47     47     47     47
 1951 -0.579 -0.971 -0.644  0.064  0.057 -0.122 -0.002  0.292  0.348  0.277 -0.023  0.684 -0.051
 1951     50     50     50     50     50     50     50     51     51     51     51     51
 1952  0.297  0.034 -0.686  0.044 -0.008  0.153  0.209  0.099  0.191 -0.173 -0.647 -0.282 -0.064
 1952     51     51     51     51     51     51     51     51     51     51     51     51
 1953  0.297  0.370  0.273  0.321  0.172  0.318  0.255  0.258  0.178  0.382 -0.189  0.366  0.250
 1953     51     51     51     51     51     51     51     51     51     51     51     51
 1954 -0.646 -0.224 -0.501 -0.184 -0.267  0.027 -0.110 -0.006  0.119  0.192  0.457 -0.220 -0.114
 1954     52     51     52     52     52     52     52     52     52     52     52     52
 1955  0.630 -0.135 -0.974 -0.385 -0.094 -0.039 -0.044  0.138  0.023  0.126 -0.442 -0.489 -0.140
 1955     52     52     53     52     53     52     52     53     52     52     52     52
 1956 -0.225 -0.853 -0.687 -0.565 -0.375 -0.226 -0.340 -0.387 -0.399 -0.336 -0.535 -0.399 -0.444
 1956     53     53     53     53     53     53     53     53     53     53     53     53
 1957 -0.284 -0.233 -0.631 -0.246 -0.249  0.012 -0.069  0.064  0.122 -0.126  0.107  0.420 -0.093
 1957     53     53     53     53     53     53     53     53     53     53     53     53
 1958  0.661  0.268 -0.209 -0.107 -0.032 -0.120 -0.116  0.057 -0.040 -0.019  0.049  0.118  0.043
 1958     53     53     53     53     53     53     53     53     53     53     54     53
 1959  0.226  0.128  0.276  0.132 -0.066  0.136 -0.018  0.084  0.121 -0.173 -0.301  0.009  0.046
 1959     54     53     54     54     54     53     54     54     54     54     53     53
 1960  0.026  0.608 -0.880 -0.332 -0.179  0.194 -0.022  0.051  0.092 -0.038 -0.205  0.483 -0.017
 1960     54     54     54     54     54     54     54     54     54     54     54     54
 1961  0.147  0.429  0.182  0.112  0.072  0.168 -0.013 -0.002 -0.038 -0.224 -0.008 -0.266  0.046
 1961     55     55     55     55     54     55     55     55     55     55     55     55
 1962  0.328  0.446 -0.010  0.166  0.018 -0.298  0.048 -0.044 -0.092  0.194  0.031  0.110  0.075
 1962     55     55     55     55     55     55     55     55     55     55     55     55
 1963  0.005  0.611 -0.392 -0.222 -0.169 -0.143  0.071  0.084  0.187  0.578  0.528 -0.135  0.084
 1963     55     55     55     55     55     55     55     55     55     55     55     55
 1964 -0.049 -0.385 -0.696 -0.454 -0.116 -0.165 -0.162 -0.288 -0.327 -0.337 -0.228 -0.356 -0.297
 1964     55     55     55     55     55     55     55     55     55     55     55     55
 1965  0.047 -0.682 -0.274 -0.514 -0.274 -0.250 -0.263 -0.339 -0.300 -0.015 -0.283 -0.160 -0.275
 1965     55     55     55     55     55     55     55     55     55     55     55     55
 1966 -0.311 -0.070 -0.176 -0.409 -0.208  0.006  0.038  0.178  0.086 -0.101 -0.178 -0.399 -0.129
 1966     55     55     55     55     55     55     55     55     55     55     55     55
 1967 -0.386 -0.539  0.034 -0.117  0.125 -0.199 -0.033 -0.035 -0.125  0.434  0.079 -0.107 -0.072
 1967     55     55     55     55     55     55     55     55     55     55     55     55
 1968 -0.464 -0.290  0.630 -0.106 -0.168 -0.286 -0.280 -0.242 -0.137 -0.151 -0.372 -0.533 -0.200
 1968     55     55     55     55     55     55     55     55     55     55     55     55
 1969 -1.020 -1.145 -0.531 -0.106 -0.098 -0.168 -0.043 -0.056 -0.064 -0.059  0.195  0.341 -0.230
 1969     55     55     55     55     55     55     55     55     55     55     55     55
 1970 -0.141  0.337 -0.428 -0.058 -0.105  0.006 -0.024 -0.046 -0.044 -0.306 -0.065 -0.407 -0.107
 1970     55     55     55     55     55     55     55     55     55     55     55     55
 1971 -0.004 -0.465 -0.629 -0.384 -0.219 -0.238 -0.229 -0.178 -0.040 -0.062  0.171  0.024 -0.188
 1971     55     55     55     55     55     55     55     55     55     55     55     55
 1972 -0.998 -0.819 -0.231 -0.168 -0.328 -0.138 -0.115 -0.103 -0.425 -0.108 -0.445 -0.133 -0.334
 1972     55     55     55     55     55     55     54     54     55     55     54     54
 1973  0.022  0.659  0.360  0.272  0.128  0.199  0.074  0.056 -0.064 -0.058 -0.122  0.027  0.129
 1973     55     54     55     55     55     54     55     55     55     55     55     54
 1974 -0.478 -0.677 -0.115 -0.053 -0.237 -0.157 -0.117 -0.106 -0.169 -0.401 -0.348 -0.367 -0.269
 1974     54     54     54     54     55     54     54     54     54     54     54     54
 1975  0.339  0.076  0.165  0.155  0.023 -0.011 -0.034 -0.073  0.070 -0.077 -0.308 -0.270  0.005
 1975     55     55     54     55     54     55     55     54     54     54     54     54
 1976  0.156 -0.269 -0.862 -0.039 -0.300 -0.296 -0.371 -0.262 -0.148 -0.855 -0.597 -0.492 -0.361
 1976     54     54     54     54     54     54     54     54     54     54     54     54
 1977 -0.650  0.095  0.380  0.385  0.252  0.290  0.056 -0.078  0.100 -0.185  0.534  0.024  0.100
 1977     54     54     54     53     54     54     54     54     54     54     54     53
 1978  0.088 -0.151  0.128  0.046 -0.124 -0.187 -0.204 -0.288 -0.061 -0.028  0.269 -0.161 -0.056
 1978     54     54     54     54     54     54     54     54     54     54     54     54
 1979 -0.228 -0.479 -0.033 -0.421 -0.078  0.094  0.008 -0.064  0.120  0.243  0.110  0.825  0.008
 1979     54     54     54     54     54     54     53     54     54     53     53     54
 1980  0.036  0.259 -0.366  0.112  0.195  0.181  0.080  0.014  0.050  0.112  0.356  0.065  0.091
 1980     54     53     54     54     53     54     54     54     54     54     54     54
 1981  1.061  0.861  0.784  0.481  0.067  0.252  0.100  0.279  0.108  0.134  0.233  0.611  0.414
 1981     53     53     53     53     53     53     53     53     53     53     53     53
 1982 -0.417  0.096 -0.362  0.080 -0.066 -0.164  0.070 -0.092  0.127 -0.097 -0.313  0.451 -0.057
 1982     52     53     53     53     53     53     52     53     53     53     53     53
 1983  0.819  0.392  0.315  0.060 -0.023  0.058  0.347  0.398  0.403  0.182  0.739  0.123  0.318
 1983     52     52     53     53     52     53     53     53     53     53     53     53
 1984  0.290 -0.187  0.057 -0.148  0.264  0.093  0.032  0.089 -0.210  0.026 -0.304 -0.795 -0.066
 1984     52     52     52     52     53     53     53     53     52     52     53     52
 1985 -0.098 -0.524 -0.247 -0.030  0.073 -0.066 -0.221  0.044 -0.094  0.050 -0.126  0.028 -0.101
 1985     53     53     53     53     53     53     53     53     53     53     53     52
 1986  0.580  0.227  0.214  0.236  0.143  0.144 -0.075  0.005 -0.132  0.012 -0.065 -0.016  0.106
 1986     53     53     53     53     53     52     53     53     53     53     53     53
 1987  0.121  0.864 -0.289 -0.005  0.195  0.123  0.336  0.246  0.408  0.186 -0.083  0.617  0.227
 1987     53     52     53     53     52     53     53     53     53     53     53     53
 1988  0.711  0.267  0.318  0.350  0.428  0.501  0.456  0.318  0.352  0.292  0.079  0.691  0.397
 1988     52     52     53     52     52     52     52     53     52     52     52     52
 1989  0.203  0.606  0.589  0.304  0.242  0.195  0.313  0.251  0.247  0.343  0.027  0.397  0.310
 1989     53     53     52     52     52     52     52     52     52     52     52     53
 1990  0.476  0.748  1.590  0.760  0.441  0.583  0.291  0.464  0.368  0.521  0.605  0.445  0.608
 1990     52     53     52     52     53     52     52     52     52     52     52     52
 1991  0.673  0.651  0.263  0.693  0.279  0.562  0.523  0.424  0.419  0.436  0.365  0.162  0.454
 1991     52     51     51     51     50     51     50     51     51     51     50     51
 1992  0.953  0.725  0.428 -0.025  0.051 -0.104 -0.307 -0.134 -0.321 -0.285 -0.200  0.305  0.090
 1992     51     51     50     50     51     51     50     50     51     51     51     51
 1993  0.586  0.750  0.446  0.100  0.185  0.204  0.069  0.058 -0.145  0.098 -0.579  0.354  0.177
 1993     51     51     51     52     51     51     51     51     51     50     50     51
 1994  0.409 -0.239  0.471  0.596  0.387  0.485  0.404  0.381  0.342  0.623  0.620  0.351  0.402
 1994     51     51     51     51     50     51     51     51     51     51     52     51
 1995  1.108  1.740  0.641  0.674  0.429  0.659  0.419  0.684  0.487  0.868  0.671  0.225  0.717
 1995     52     51     52     52     51     52     51     52     51     51     51     51
 1996  0.255  0.591  0.082 -0.075  0.338  0.269  0.350  0.128  0.010  0.057  0.254  0.498  0.230
 1996     51     50     51     51     51     50     50     50     50     50     51     51
 1997  0.574  0.816  0.814  0.481  0.427  0.564  0.390  0.568  0.497  0.705  0.518  0.535  0.574
 1997     51     51     51     51     51     51     51     50     50     51     50     50
 1998  0.712  1.543  0.676  1.127  0.844  0.919  1.002  0.945  0.812  0.718  0.330  1.097  0.894
 1998     51     51     51     51     51     51     51     52     51     52     52     50
 1999  0.945  1.585  0.133  0.777  0.428  0.475  0.520  0.475  0.655  0.647  0.639  1.109  0.699
 1999     51     51     51     51     51     51     51     51     51     51     51     51
 2000  0.480  1.316  1.080  1.274  0.762  0.507  0.559  0.626  0.401  0.282  0.057  0.251  0.633
 2000     51     51     51     51     51     52     51     51     51     51     51     51
 2001  0.827  0.547  1.026  0.866  0.971  0.587  0.776  0.897  0.615  0.782  1.373  0.707  0.831
 2001     49     49     50     50     48     49     49     49     49     49     49     49
 2002  1.577  1.928  1.489  0.663  0.524  0.806  0.916  0.651  0.756  0.399  0.812  0.198  0.893
 2002     49     49     50     49     49     49     49     49     50     50     50     50
 2003  1.208  0.673  0.648  0.719  0.916  0.603  0.721  1.061  0.853  1.190  0.775  1.341  0.892
 2003     50     49     49     49     49     50     49     49     49     50     49     50
 2004  0.859  1.399  1.193  0.788  0.524  0.475  0.501  0.537  0.649  0.743  1.316  0.461  0.787
 2004     50     50     50     50     50     49     49     49     49     49     49     50
 2005  1.067  0.481  0.998  1.175  0.817  0.908  0.895  0.748  1.179  1.277  1.464  0.938  0.996
 2005     50     50     49     49     50     49     49     49     50     49     50     49
 2006  0.598  1.171  0.927  0.724  0.851  1.105  0.829  0.880  0.903  1.147  1.053  1.650  0.987
 2006     48     50     50     49     49     49     50     49     49     49     49     48
 2007  2.158  1.145  1.201  1.326  0.968  0.846  0.840  1.021  0.816  1.094  1.005  1.086  1.125
 2007     49     49     49     49     49     50     49     49     50     49     48     50
 2008  0.293  0.599  1.713  0.852  0.727  0.759  0.740  0.708  0.589  1.083  1.247  0.831  0.845
 2008     49     50     49     50     50     50     49     50     50     50     50     49
 2009  0.952  1.047  0.722  0.942  0.668  0.716  0.659  0.751  1.129  0.856  0.835  0.497  0.815
 2009     48     49     49     48     49     48     49     49     48     48     48     48
 2010  0.893  0.944  1.264  1.242  1.073  1.132  1.179  1.167  0.892  1.152  1.704  0.574  1.101
 2010     49     48     49     48     48     49     49     49     49     49     49     49
 2011  0.481  0.519  0.831  1.209  0.804  1.028  0.959  0.922  1.009  1.261  0.776  1.145  0.912
 2011     47     49     48     48     48     48     48     48     48     47     47     47
 2012  0.681  0.452  0.829  1.480  1.324  1.281  1.140  0.993  1.009  1.006  1.038  0.094  0.944
 2012     47     48     47     48     48     49     47     49     49     48     48     48
 2013  1.008  1.180  0.816  0.701  0.983  0.987  0.763  0.896  0.773  0.981  1.410  0.988  0.957
 2013     48     47     48     48     48     49     48     47     49     48     49     48
 2014  1.150  0.607  1.352  1.350  1.010  0.963  0.820  0.949  0.813  0.982  0.757  1.370  1.010
 2014     46     47     47     47     48     47     48     47     47     47     47     46
 2015  1.607  1.489  1.565  1.141  1.216  1.202  0.899  1.001  1.268  1.277  1.488  2.168  1.360
 2015     47     47     47     47     47     47     47     47     46     47     47     47
 2016  1.661  2.607  2.406  1.931  1.273  1.345  1.194  1.395  1.456  0.973  0.910  1.281  1.536
 2016     46     47     47     47     47     47     47     46     47     46     47     46
 2017  1.619  1.969  1.857  1.363  1.002  1.064  1.056  1.105  1.080  1.024  1.091  1.375  1.300
 2017     44     45     45     44     46     45     44     45     45     44     45     45
 2018  1.136  1.156  1.325  1.047  1.104  1.101  1.176  0.991  0.926  1.135  0.728  1.057  1.074
 2018     45     44     45     44     44     45     45     44     44     45     44     44
 2019  1.385  1.312  1.854  1.487  0.963  1.343  1.038  1.082  1.291  0.000  0.000  0.000  1.306
 2019     43     42     43     42     41     42     44     43     44      0      0      0
